Time,EEG_Channel_1
0.0,-2.064476761851585
0.004,1.5763256642285848
0.008,0.5871719761862669
0.012,0.35229361023637257
0.016,2.222706629903078
0.02,0.8616709192907506
0.024,-0.5843816325095765
0.028,2.2988826289350426
0.032,2.215520136705575
0.036000000000000004,-0.2500604457034512
0.04,0.3271209791877507
0.044,-1.4320547009463194
0.048,4.655580425544435
0.052000000000000005,-1.0112762847023502
0.056,-0.5593492108317872
0.06,-1.1505521860298495
0.064,0.21724468268588681
0.068,0.1630611717802155
0.07200000000000001,-1.9165359993522233
0.076,-1.976567009967856
0.08,-2.9762030924633907
0.084,-0.9111714234657569
0.088,-1.6361868529762624
0.092,0.334271024346363
0.096,-0.2010168326383851
0.1,0.48483391710708457
0.10400000000000001,-0.7970833397676589
0.108,-1.9273458448625802
0.112,0.5484979757325553
0.116,-0.9485960035996573
0.12,-0.24165790216565808
0.124,-0.807115717465803
0.128,2.805296271641609
0.132,3.2298618334221656
0.136,0.09280542294843475
0.14,0.13572148459739203
0.14400000000000002,-0.18626076087565818
0.148,-2.090779820959739
0.152,1.6332989646810097
0.156,-1.030259110593688
0.16,-0.935476886148572
0.164,-1.3911340342415335
0.168,-0.6554672911996342
0.17200000000000001,-2.3157342459544745
0.176,-2.2844060779357678
0.18,-2.5776208342391804
0.184,-0.7167941865224042
0.188,-1.570479483020424
0.192,0.6035774516218981
0.196,0.3955236260309619
0.2,1.6925910374276794
0.20400000000000001,5.474338848655981
0.20800000000000002,2.006297107392287
0.212,2.746329603204077
0.216,3.2922112908940466
0.22,-0.34026596014826826
0.224,3.8195869545780274
0.228,0.08619281617479169
0.232,3.376634825696568
0.23600000000000002,0.2531772970168962
0.24,1.0939456501909484
0.244,1.372192026490852
0.248,-1.4937583332914985
0.252,-0.1944699635055825
0.256,-1.0902817347594627
0.26,-2.8645644220529927
0.264,-0.9445089397053676
0.268,-2.6215001834323486
0.272,-2.567873133376117
0.276,0.19024395373941405
0.28,-1.8225993653998018
0.28400000000000003,-1.1340606840806489
0.28800000000000003,-0.12711518311921055
0.292,-2.711223914707488
0.296,1.140675127794044
0.3,0.24205484473785532
0.304,0.9901635384829897
0.308,-1.3926879931210463
0.312,-1.0640762105319188
0.316,5.026214904500348
0.32,1.0240634770596935
0.324,-1.1129957424296868
0.328,0.6328187184154759
0.332,-1.7244030646183055
0.336,-1.0178629603836526
0.34,1.7559579910624035
0.34400000000000003,1.2438244728796535
0.34800000000000003,-0.06490608891229946
0.352,0.07018245532700096
0.356,-1.3658295417032564
0.36,-1.0847983199621483
0.364,-0.9528200195567246
0.368,-0.3707699255749418
0.372,-1.2735120782918454
0.376,-0.6405474847545705
0.38,-1.0087417860519097
0.384,-2.4434109149518193
0.388,-0.6822284517919929
0.392,3.5968012547234336
0.396,-1.2074767845764616
0.4,0.5869080556703515
0.404,1.248374679274391
0.40800000000000003,1.5056153615734897
0.41200000000000003,1.1831094510934757
0.41600000000000004,4.311385205522784
0.42,-1.555832245850791
0.424,1.015957773014734
0.428,0.8247601938564315
0.432,0.3481075802431126
0.436,1.6465372213238199
0.44,1.3693339545643408
0.444,1.6719285613573573
0.448,0.2203678228075784
0.452,-1.9069223335359013
0.456,0.8476244832986045
0.46,-1.229655585069853
0.464,-0.9807507499830539
0.468,-2.3486667686295117
0.47200000000000003,-2.276731524055983
0.47600000000000003,1.1622511395496222
0.48,1.4859783716057327
0.484,-0.7013908606169166
0.488,1.2082115881100854
0.492,-1.0422436770263652
0.496,-0.5609318301200465
0.5,-2.0294818202952003
0.504,0.20701009281051408
0.508,0.1696543323622544
0.512,4.986712228795241
0.516,3.255402747131603
0.52,3.1553955067960886
0.524,-1.0891011328737443
0.528,-1.2201649776074415
0.532,2.270097037200081
0.536,-2.0052612090604347
0.54,-0.028874184051227436
0.544,0.8536173408641318
0.548,1.6453181143992068
0.552,3.129292889414971
0.556,-1.0546937999528687
0.56,-1.1738914324012293
0.5640000000000001,0.2298690129483416
0.5680000000000001,-1.7139095884034976
0.5720000000000001,-2.719600794076011
0.5760000000000001,1.0008298451953375
0.58,0.3431035397062111
0.584,0.8043403522403398
0.588,-1.7257315953847843
0.592,1.3579307597577077
0.596,0.5396241716498636
0.6,1.9936743984919791
0.604,-0.574460090968439
0.608,1.0526733780060369
0.612,3.487724580962171
0.616,1.651115409148935
0.62,1.488625430231612
0.624,2.31311052541181
0.628,-0.9211327589060505
0.632,-1.1967152885140835
0.636,2.665306078243666
0.64,3.2830496522619717
0.644,-0.5190595215477876
0.648,-1.59819923186273
0.652,2.6457255186814206
0.656,0.2670541347571368
0.66,0.6255086798631819
0.664,-0.8396916774272639
0.668,1.1201990302760578
0.672,-1.3828580088927263
0.676,0.4652109792845571
0.68,-2.5472260977063383
0.684,-0.8742327433081291
0.6880000000000001,-1.6265810877202447
0.6920000000000001,-1.7173370633591798
0.6960000000000001,1.4880574885998654
0.7000000000000001,0.3124051077088879
0.704,0.3693675172981744
0.708,1.6007939812121976
0.712,0.19718256341221546
0.716,1.6858247215799946
0.72,3.5979958223195885
0.724,0.4772885762126139
0.728,-0.06316276972770107
0.732,0.6309308448950975
0.736,0.22100425755920616
0.74,2.9413759348557247
0.744,2.4428996867710144
0.748,0.0017634425380766289
0.752,2.6918304318433197
0.756,-1.0487357983405245
0.76,-1.378422510471792
0.764,2.342974127241347
0.768,-0.05591275522186423
0.772,0.0022087791071405682
0.776,-2.1460148964388805
0.78,0.06955437456515712
0.784,-1.1376512416599645
0.788,-0.0801645669292288
0.792,-1.8845903195173215
0.796,-0.26572991099806775
0.8,-0.6974389209625907
0.804,0.6610004244916069
0.808,2.386407080384384
0.812,0.6005193947906603
0.8160000000000001,0.4618692250053166
0.8200000000000001,-0.812007321769366
0.8240000000000001,2.1099596501679807
0.8280000000000001,0.31649911647400486
0.8320000000000001,2.944519118726978
0.836,1.4070127756374817
0.84,1.2166260076493178
0.844,-1.4448213435592365
0.848,-1.4198841699374651
0.852,0.36649630947947964
0.856,0.3876433609023359
0.86,-0.6769000333342248
0.864,-3.7151495045692933
0.868,-0.6118139952213862
0.872,-2.980370507275802
0.876,1.690282856754701
0.88,0.3331514489540287
0.884,0.7235676248827073
0.888,1.4607705434136793
0.892,0.1928347313834618
0.896,-1.021340412068828
0.9,1.6369706143133795
0.904,1.8296846737569987
0.908,0.9545815512339637
0.912,4.279395747865177
0.916,2.1581684101634266
0.92,0.842498772185589
0.924,-0.9924425295764872
0.928,-0.14625342615108272
0.932,2.6050741979243055
0.936,-0.4422451262978825
0.9400000000000001,-2.1164836069559896
0.9440000000000001,-0.4762205568086859
0.9480000000000001,4.186087621399417
0.9520000000000001,-1.3236122209898338
0.9560000000000001,1.2275574351977232
0.96,1.3698599471636177
0.964,-1.2354758750033323
0.968,-2.2626899391997184
0.972,-2.230506392704654
0.976,0.7803283064532246
0.98,-0.2402645998849724
0.984,0.9239842243451449
0.988,-1.198594834938853
0.992,-1.3123813427259114
0.996,1.5290263797933596
1.0,-2.167628964937153
1.004,0.15339125650007363
1.008,0.6876989008339203
1.012,0.8243310442889528
1.016,1.7396460805534302
1.02,0.9705580094799245
1.024,1.6523338013492639
1.028,1.5910003184862194
1.032,-1.7985850926468763
1.036,-1.0808049248012037
1.04,3.0950916997615026
1.044,0.5705186078203737
1.048,0.26939024523813837
1.052,1.8287032900694977
1.056,0.08831132840574563
1.06,-0.31813891452699317
1.064,0.1524251221630173
1.068,0.6158467402382379
1.072,1.7496974507837018
1.076,0.37511979896449665
1.08,1.6208565218713584
1.084,-2.4812731217997834
1.088,-0.48515046567710224
1.092,-3.484405985642754
1.096,-2.4013135029668646
1.1,2.6205475643741227
1.104,-0.9204047316824036
1.108,0.6249552348062493
1.112,-0.6901676609617262
1.116,1.4254962151903314
1.12,0.010993284959910254
1.124,1.5110611312710986
1.1280000000000001,1.91651605813086
1.1320000000000001,4.539818843235984
1.1360000000000001,0.756521128600959
1.1400000000000001,0.6060470960969154
1.1440000000000001,-0.9368870351976644
1.1480000000000001,-0.09921406629474538
1.1520000000000001,-0.45258543198819184
1.156,-3.2739445259657285
1.16,-0.32514333685218977
1.164,-0.6857841960344053
1.168,-3.026087019271565
1.172,-0.4281334918553087
1.176,-0.5218960799180069
1.18,-3.935777850549621
1.184,2.068792228745203
1.188,1.2890812041145914
1.192,-0.5017152709866799
1.196,-3.677627121427905
1.2,-0.7384594275304992
1.204,0.033795176541597416
1.208,-2.0650250807083324
1.212,-0.026753324318750327
1.216,2.8702572806483047
1.22,0.1510888220594946
1.224,1.8125569505464958
1.228,-0.07028286570244047
1.232,1.9013351374932546
1.236,1.170703982839214
1.24,-0.7989506258201098
1.244,0.2469940724353308
1.248,1.1013391542360609
1.252,0.6969268257719983
1.256,-1.4438240746611832
1.26,0.2773490026079195
1.264,-1.3188113273862463
1.268,-0.9752803023529295
1.272,-0.23870508521257172
1.276,0.01211973231415675
1.28,0.5428503606622388
1.284,-0.42350862053613214
1.288,-2.6298500622450085
1.292,3.2081592879362755
1.296,-0.880417105460591
1.3,1.3590870241594122
1.304,-0.1409892365835844
1.308,0.2408596236310373
1.312,1.2250192037094045
1.316,-0.7292805344877858
1.32,1.0345054925348394
1.324,2.6792516894139937
1.328,2.0346777178327353
1.332,0.3997066127536445
1.336,1.3562236286011025
1.34,-1.2692680874467783
1.344,1.117672605545722
1.348,0.803156170488727
1.352,-1.259337100455443
1.356,-2.5546675892029564
1.36,-0.5232965026076198
1.364,1.4215184119594775
1.368,-2.153292839252505
1.372,1.307214664844268
1.3760000000000001,-1.707966968964173
1.3800000000000001,2.1027508630591183
1.3840000000000001,-1.1925731828007167
1.3880000000000001,2.157618736739839
1.3920000000000001,-0.5908443952392499
1.3960000000000001,0.8894209539352066
1.4000000000000001,0.04803064133602991
1.4040000000000001,1.9329969420670103
1.408,2.07671103049687
1.412,1.4696836439633785
1.416,-0.5937641043906188
1.42,1.2206418090619027
1.424,-0.15831055222052826
1.428,-0.1282260336640454
1.432,-0.08171576101381572
1.436,1.9234422531663957
1.44,0.8730302760967071
1.444,0.18440017676845263
1.448,-1.2037375655031122
1.452,-0.9160190808053152
1.456,0.46512747810609933
1.46,0.5636259060532454
1.464,-1.7073993384434147
1.468,0.11391270282714916
1.472,-0.8204326421467162
1.476,0.01646013439650862
1.48,-0.8841122485462869
1.484,-1.1441394942064098
1.488,-2.331521122026913
1.492,-1.226109513468351
1.496,-0.5247235564015711
1.5,0.9905785285810582
1.504,0.19641556582296643
1.508,1.5246621703873653
1.512,-0.5034480431213082
1.516,-2.334624231307557
1.52,2.1335359013292026
1.524,1.932438167649981
1.528,3.1684696505124172
1.532,0.24942401626233224
1.536,1.2434641137434337
1.54,1.6768631679392725
1.544,0.3310780198201303
1.548,-2.753777446400464
1.552,0.18082991874247709
1.556,-0.5262196201067915
1.56,2.40797043156378
1.564,-0.6408729341210752
1.568,-1.6015040730455696
1.572,-2.9431528932589006
1.576,-0.0799164806376974
1.58,-2.310508740084515
1.584,-1.2811335742962386
1.588,-0.3912361004961886
1.592,-0.8529336427742904
1.596,0.03719705043174312
1.6,-0.23207894822218358
1.604,-0.8806495455437214
1.608,2.492921434403803
1.612,-0.909672456570375
1.616,-0.5366914942639291
1.62,1.975850111981183
1.624,0.48697319236602155
1.6280000000000001,3.5104576639687837
1.6320000000000001,-1.0272247835847703
1.6360000000000001,1.2583647188568046
1.6400000000000001,-1.4548367281276993
1.6440000000000001,1.0652756756828299
1.6480000000000001,0.37813908008996644
1.6520000000000001,-0.8340061459213837
1.6560000000000001,-0.9261304257949903
1.6600000000000001,-1.4054018913138955
1.6640000000000001,-0.038043407368711035
1.668,-1.6345713070445802
1.672,-2.1799231276124185
1.676,-0.5801937430851963
1.68,1.0010773154277017
1.684,1.9617895593034276
1.688,0.22949964459573224
1.692,-0.05613574504438146
1.696,0.8134984185857778
1.7,-0.14979236489370576
1.704,1.2790281482583656
1.708,1.1668828565871059
1.712,0.6729589372331933
1.716,1.4098805693005496
1.72,1.1856360590111978
1.724,2.2267658838351
1.728,0.5533933622013221
1.732,2.607175419672092
1.736,-0.29187876233808463
1.74,0.8478816212467611
1.744,1.0770261918805706
1.748,-0.3759479707861586
1.752,1.2039631729000626
1.756,-0.7346491793426204
1.76,0.24916054151031652
1.764,-0.47719247031342266
1.768,0.8549451919927715
1.772,3.368993721324304
1.776,-1.8604866994049254
1.78,-0.5146639492665898
1.784,1.4662138257517094
1.788,-1.1926312810622899
1.792,-0.6846779676995213
1.796,0.45765190574964937
1.8,-1.0647191970686127
1.804,-1.0307186306584908
1.808,0.7179077888332841
1.812,0.4007744821310305
1.816,1.9699852308456918
1.82,3.329137213877894
1.824,-0.4445109975604763
1.828,3.3081667706349123
1.832,1.6644123579902392
1.836,2.3535449728567044
1.84,1.56306417318686
1.844,0.6496916956017019
1.848,0.2872740085277875
1.852,-1.3662332372683221
1.856,-2.5360342538203735
1.86,0.49046477239807107
1.864,-0.7427782833827746
1.868,-2.942724630474121
1.872,-1.4649418944792272
1.8760000000000001,-3.268988771616341
1.8800000000000001,0.41332515893325594
1.8840000000000001,-0.7384309260162882
1.8880000000000001,-0.1894766370621076
1.8920000000000001,-0.105658150709313
1.8960000000000001,-0.4172670830017283
1.9000000000000001,-2.1092041885709634
1.9040000000000001,-1.4665088778630195
1.9080000000000001,0.18151991818086038
1.9120000000000001,3.4296474011369993
1.9160000000000001,1.0921037745979247
1.92,1.1436317376506995
1.924,3.1106436880850397
1.928,1.6059245520325458
1.932,2.278621395849015
1.936,1.8071274351885789
1.94,-1.1596107035821295
1.944,1.6099529322320916
1.948,2.235566218732733
1.952,1.0024685511921378
1.956,1.453594018443112
1.96,1.9602812726358994
1.964,-1.0538207232493657
1.968,0.7061120674922783
1.972,0.7363334572280676
1.976,-1.0623395696629456
1.98,1.507988695221219
1.984,0.9504404983426407
1.988,-2.504686016556991
1.992,-2.8944351812006057
1.996,0.9451677266360279
2.0,-2.1524214666761923
2.004,0.9548110205352187
2.008,1.2098979958809712
2.012,1.4973688091696875
2.016,4.0220416333540365
2.02,2.497838238470601
2.024,4.796411058911451
2.028,0.7942276865924933
2.032,1.1561665601056301
2.036,-0.4285570946708519
2.04,1.3609732783712132
2.044,1.1091561051325944
2.048,-1.392243981731569
2.052,1.3055273744368265
2.056,2.875623315813193
2.06,-0.45710261251443673
2.064,1.6585950706058432
2.068,-1.517758045017589
2.072,-2.8301991153273094
2.076,-1.9274681569620566
2.08,-2.162951244507596
2.084,-0.5306050381399262
2.088,-1.287437361373917
2.092,1.2625017019728937
2.096,0.7201633406419086
2.1,-0.8451114690701275
2.104,-0.6428555675998452
2.108,-0.03405273505308154
2.112,-1.6211734741709745
2.116,-0.3830506675493044
2.12,3.405024409021342
2.124,-3.5513483459948914
2.128,1.1455699690225227
2.132,0.573278344816708
2.136,1.6580284660485827
2.14,0.8763030803460989
2.144,0.742195648450533
2.148,0.8091770537504279
2.152,-4.124916346236476
2.156,-1.902643389903579
2.16,-1.549239345021482
2.164,0.17728702104870409
2.168,-0.8739387988741911
2.172,1.7913682420184796
2.176,-1.8302047251535116
2.18,-2.475519211532454
2.184,-0.44688511998804803
2.188,-0.6036650393151735
2.192,-2.428579810924113
2.196,2.4800300568755786
2.2,-3.0437800421654306
2.204,-1.2296984645914655
2.208,1.8989062736954723
2.212,2.7326069924352874
2.216,1.7074775360056602
2.22,-1.8416696040865355
2.224,-1.5611770720419453
2.228,2.412453484357694
2.232,-0.19635419908468354
2.236,0.38462699399094596
2.24,1.0061536309432846
2.244,1.1998105957710758
2.248,-1.4877551124325818
2.2520000000000002,1.6365191817266553
2.2560000000000002,-2.1434464221443474
2.2600000000000002,3.015076230627349
2.2640000000000002,-1.872895296009248
2.2680000000000002,-2.541702577795043
2.2720000000000002,-2.8439539221550048
2.2760000000000002,-1.0728648395289897
2.2800000000000002,-1.6622678048097843
2.2840000000000003,-0.8220642269653294
2.2880000000000003,-0.8940283438049255
2.2920000000000003,1.2080125218442996
2.2960000000000003,-2.293273470045133
2.3000000000000003,1.3106621863055825
2.3040000000000003,2.0406782856916927
2.308,0.7448780163839019
2.312,1.4827770660459647
2.316,4.414218713501425
2.32,3.6217590843794296
2.324,-0.873734799274646
2.328,3.4274457266447604
2.332,-0.7307796127270629
2.336,1.3219931926747859
2.34,2.8137747719389004
2.344,1.6721409234204796
2.348,1.598207718043148
2.352,0.053790923454966416
2.356,0.14186010349172107
2.36,0.6685707344421981
2.364,-1.5662556707317068
2.368,-0.8701514630078597
2.372,0.47366623101893723
2.376,-1.3797379664463765
2.38,-0.3058047664580953
2.384,-1.0267732573667425
2.388,-1.5219430404748966
2.392,0.8818798070230784
2.396,-0.5738566105346838
2.4,-2.5951693378472034
2.404,1.4627814181409025
2.408,0.9494602696164427
2.412,-0.15857525080290125
2.416,-0.9184158349788678
2.42,1.638307510222122
2.424,0.16790916527180932
2.428,1.348804982844082
2.432,0.19675306604759224
2.436,-1.2715409685647185
2.44,-0.7887008855867869
2.444,0.28944830401712607
2.448,2.6327749769180397
2.452,0.36049359589817226
2.456,1.552144062219176
2.46,-3.433471198203492
2.464,-3.7536324882434418
2.468,0.4262926395916551
2.472,1.5414947519865474
2.476,-3.7807338127327914
2.48,1.6106528996801925
2.484,0.8498936463312983
2.488,1.1002923753047027
2.492,-0.13180788971988355
2.496,-0.4216614293914609
2.5,-1.9329845024712395
2.504,0.7267194508583223
2.508,-1.2872160137638737
2.512,0.5357715559778495
2.516,-0.40758116466350935
2.52,2.9259397218402308
2.524,-0.7935125310285771
2.528,1.403867967443582
2.532,1.0644559907593232
2.536,0.10180316401109502
2.54,1.5654820078674958
2.544,1.3470594744413145
2.548,0.22661530072855285
2.552,1.79700222292799
2.556,-1.6076433327626005
2.56,-0.7875576592463502
2.564,-0.7131291406995074
2.568,-1.5759275721734332
2.572,-3.7712193970724943
2.576,0.14615406652295448
2.58,-2.8430126484168476
2.584,0.24497384754304785
2.588,0.5892295246692872
2.592,0.338724522196288
2.596,-0.7412199178999508
2.6,-0.9709495364525347
2.604,4.097925681731135
2.608,-0.7050413121472041
2.612,1.9506184053972646
2.616,-1.2713339220741928
2.62,3.9205771309962207
2.624,3.331941654730432
2.628,0.8103142646334964
2.632,2.42270888605818
2.636,2.793375147383086
2.64,0.768576652730524
2.644,-2.0789327339202313
2.648,-1.2679519629088898
2.652,-1.5729820394638663
2.656,2.425282693860622
2.66,-0.02541654913833613
2.664,-1.5445276045103773
2.668,-4.428417901382517
2.672,-3.492707464466578
2.676,-0.49123294938779327
2.68,2.952147024523196
2.684,-1.6711912131118483
2.688,0.6638281162788746
2.692,1.1946096915042357
2.696,-0.4873908649476381
2.7,-0.019803104778033424
2.704,2.8268600736761447
2.708,-0.28359809567199523
2.712,2.4654705482459516
2.716,1.5446365682563408
2.72,-0.47687746823423927
2.724,-0.8996840526319648
2.728,0.29944461617716
2.732,1.9542278113975926
2.736,2.277803711321262
2.74,1.2516168823415823
2.744,0.9901530906823566
2.748,0.3529562432035841
2.7520000000000002,-1.5638298910883557
2.7560000000000002,1.3250648791453112
2.7600000000000002,-2.6175595417786686
2.7640000000000002,-0.95055181276407
2.7680000000000002,-0.999711031669497
2.7720000000000002,0.4111450214681487
2.7760000000000002,-0.3115139135018724
2.7800000000000002,0.9034949291694098
2.7840000000000003,-2.409872583749991
2.7880000000000003,-1.155227628147768
2.7920000000000003,-0.43156779962550285
2.7960000000000003,0.8572440137456362
2.8000000000000003,0.7569610933836255
2.8040000000000003,0.1612582426304858
2.8080000000000003,-0.1715753338588567
2.8120000000000003,1.1310108004260497
2.816,-1.080226896222193
2.82,-0.4683083359774306
2.824,0.9486185536814145
2.828,-1.10138974435965
2.832,1.6973973501749156
2.836,-0.9121948609106576
2.84,-4.9932589636147995e-05
2.844,-0.4574765895734631
2.848,-1.4583950573221316
2.852,-0.600380382472171
2.856,0.5473327077812703
2.86,-0.2953823145307536
2.864,1.8760440235201477
2.868,-0.0013598519424576905
2.872,-0.9743127286319638
2.876,-0.741276430471613
2.88,-0.4465919751637164
2.884,-1.5343499526672988
2.888,-0.5826921083461615
2.892,-1.5992345705145345
2.896,-0.5161525184326758
2.9,-0.08398397609668408
2.904,2.1984774305198087
2.908,0.0498089816585604
2.912,1.3208459700887338
2.916,0.9078550506302668
2.92,2.5564118658338404
2.924,0.20298228100060733
2.928,1.5208363038532593
2.932,2.6172451095369595
2.936,0.8986817892870624
2.94,0.22819664082349173
2.944,0.3222887570576239
2.948,0.27428486434696997
2.952,-0.8615333026411199
2.956,1.6985626347860578
2.96,1.2438205062815944
2.964,-0.4873192682689564
2.968,-1.4705139820616058
2.972,-2.466318834366196
2.976,-2.2388277591828123
2.98,-3.9460295078908336
2.984,0.395899908047056
2.988,-1.2298690700768358
2.992,1.6816044077264318
2.996,-1.7686189331596291
3.0,-2.4732302621877165
3.004,1.4700882020025894
3.008,-2.207189036393079
3.012,0.1400596953676354
3.016,2.262401426368011
3.02,2.5510910233584347
3.024,0.8742857552901822
3.028,0.02623095605298853
3.032,-1.9189410422840356
3.036,2.0529190029778954
3.04,-1.4014015253171288
3.044,3.4028401735586593
3.048,0.8957397047411362
3.052,-0.588942261315907
3.056,-1.1619026857603256
3.06,-2.237663326415266
3.064,-3.646500847407694
3.068,1.6559421712476912
3.072,-3.0735585634498865
3.076,-2.87049769469819
3.08,0.828959892928946
3.084,-1.5268417049796743
3.088,-0.37984749128784134
3.092,2.423354120103631
3.096,-1.3339276006113114
3.1,0.9012542656274659
3.104,-2.030510340500284
3.108,1.6438016868720589
3.112,-1.583953985663976
3.116,0.6824988132852456
3.12,2.2161239245187048
3.124,1.464332762505367
3.128,2.452056801001845
3.132,-1.7695752016687885
3.136,-0.21364966540977626
3.14,-1.1532992399762458
3.144,1.4691566673639207
3.148,-1.360041764291686
3.152,-0.11151914667449096
3.156,1.6493630271495712
3.16,1.1483550236418312
3.164,2.5398027554998555
3.168,-2.3775547542086453
3.172,-2.016906183316238
3.176,0.5128015952459153
3.18,-2.49477190909875
3.184,-0.8523175007779925
3.188,0.44920892035830773
3.192,-2.383530609259723
3.196,-0.2616064350822944
3.2,0.2989630285215209
3.204,-0.7158959349853167
3.208,0.9709741909846394
3.212,-1.888531031720321
3.216,-1.836854169211718
3.22,-0.42673813116894077
3.224,3.1433842951654114
3.228,1.4219129140211193
3.232,0.6508783063284088
3.236,0.29841240907352284
3.24,-0.5134132837962244
3.244,0.34361483985586055
3.248,0.5868381221464878
3.2520000000000002,0.13430739531989672
3.2560000000000002,0.9417944549719969
3.2600000000000002,2.1384824129793865
3.2640000000000002,-1.1791656604928333
3.2680000000000002,0.5420972633996939
3.2720000000000002,-0.7295807293714639
3.2760000000000002,-1.0248058507583473
3.2800000000000002,-4.178215898990416
3.2840000000000003,-0.21252191478075588
3.2880000000000003,-0.5593498056942908
3.2920000000000003,-2.0483352074042087
3.2960000000000003,0.8658125268249035
3.3000000000000003,0.23698436768288364
3.3040000000000003,3.16743829631821
3.3080000000000003,-0.2794313388158108
3.3120000000000003,0.33428370233644666
3.3160000000000003,-0.4427635385617935
3.3200000000000003,2.7851343538055535
3.3240000000000003,2.6819325605460413
3.3280000000000003,2.0083823421557114
3.332,-0.1834313209721815
3.336,2.448006279202394
3.34,2.13196516659358
3.344,1.6282549346932575
3.348,1.4676852082092207
3.352,-0.20818497309848935
3.356,-1.7194256620020758
3.36,1.6826306856099376
3.364,1.3403763808351998
3.368,-3.415472871495089
3.372,-1.6087976470236427
3.376,-0.19310829169673638
3.38,-1.018040883615262
3.384,0.3456288680964884
3.388,-1.7216238448821535
3.392,-0.39066326724067546
3.396,-1.7450169347380657
3.4,1.120523176243589
3.404,3.4847492975690075
3.408,-0.7720542184135022
3.412,0.1541143065915037
3.416,1.3161400546084068
3.42,2.919217693261681
3.424,0.5512050782421449
3.428,1.3491679729408967
3.432,1.2040395031155642
3.436,-1.8491587611741638
3.44,1.5991716178719555
3.444,-2.0616477937012903
3.448,0.6815460758185856
3.452,-0.5793437076394586
3.456,0.42873972787965964
3.46,-0.2453521416673759
3.464,-1.7052974893442816
3.468,1.0731341572802036
3.472,-0.803298802150448
3.476,-2.2856492548949285
3.48,-0.7599007228741973
3.484,-0.6289962562819709
3.488,-1.2229625278912697
3.492,-1.5737652341298602
3.496,-0.45703152432425426
3.5,2.130432995353071
3.504,-0.10192589658969634
3.508,1.9949632801367054
3.512,0.7823691513745161
3.516,0.9449482663268444
3.52,3.276082693228254
3.524,0.882912608207413
3.528,1.7278773432984225
3.532,-1.9274058013446913
3.536,1.1605110504188696
3.54,-0.7835693367372354
3.544,0.19676267185228477
3.548,0.48735746755610004
3.552,1.9194425637861234
3.556,-0.9696171942824565
3.56,0.40428618028481067
3.564,1.1427042358807462
3.568,-2.952462707865024
3.572,-1.5609841601354348
3.576,0.2013915769348491
3.58,-3.691281410444978
3.584,-1.096836313190356
3.588,-0.5125000600284576
3.592,1.7047509197325352
3.596,-0.5001318740296643
3.6,-0.7182164599285046
3.604,2.2690799004791744
3.608,1.1342353773990317
3.612,1.7179207353390358
3.616,1.0183069458648801
3.62,0.24363419690344323
3.624,-0.06258240174191587
3.628,1.7357550374884525
3.632,1.1548535737594285
3.636,0.6545386349142162
3.64,2.5852414916597417
3.644,-2.515219902722728
3.648,0.9948595952813576
3.652,-0.16249154731170706
3.656,0.7251322022540457
3.66,-2.3458516766772095
3.664,-0.20078203383953186
3.668,-0.9158545521553005
3.672,-0.5801672031222674
3.676,-2.402855846421554
3.68,-0.5670505584024756
3.684,0.8186265230065428
3.688,-0.757171911453858
3.692,-1.7490781142521232
3.696,-0.5718817378789178
3.7,0.22140138392400646
3.704,-0.07411874309897262
3.708,-1.4871163261191958
3.712,1.5107448319696481
3.716,-0.6585694262874447
3.72,-2.2500241287115843
3.724,3.4806840649630804
3.728,-0.502407780466911
3.732,-0.16197873422881126
3.736,0.4713423403044496
3.74,1.2191447323466562
3.744,2.1170518874296835
3.748,-2.0949673692298028
3.7520000000000002,0.16605156628422033
3.7560000000000002,0.8666533506367096
3.7600000000000002,1.6767927573644539
3.7640000000000002,2.7707410945528874
3.7680000000000002,-2.5643850471063727
3.7720000000000002,-0.9432619415984561
3.7760000000000002,2.0229594511538718
3.7800000000000002,-0.7428918545638362
3.7840000000000003,-1.601139500489
3.7880000000000003,-2.294542204593414
3.7920000000000003,-0.4780074598242059
3.7960000000000003,-4.451716017163695
3.8000000000000003,-1.4705895905753463
3.8040000000000003,-0.17695870076766343
3.8080000000000003,-0.29510610031360457
3.8120000000000003,3.543972867834433
3.8160000000000003,0.43461680586358065
3.8200000000000003,1.7514827778395499
3.8240000000000003,-1.038380380796112
3.8280000000000003,0.7291552507576506
3.8320000000000003,1.4236772633689754
3.8360000000000003,-1.154513695955606
3.84,0.8738496267397512
3.844,-1.9465781987890163
3.848,-0.5499997129272469
3.852,1.6463784914805732
3.856,-5.023013061237911
3.86,0.4416004097393571
3.864,-0.6082239912015664
3.868,-2.104003820977339
3.872,0.3649812277381753
3.876,-3.3729038692351985
3.88,-2.7062888807413525
3.884,0.10205265721609003
3.888,-1.2047554850350395
3.892,1.1346395788417716
3.896,-1.153073458385347
3.9,-0.11980391628301262
3.904,3.1154000845774577
3.908,2.1828577465270396
3.912,0.3913225811864924
3.916,2.581955696606179
3.92,1.2097008974794927
3.924,0.5362877756500862
3.928,1.1272741205959655
3.932,0.3603484435088453
3.936,-1.8243997801239236
3.94,-1.5672973350491364
3.944,-1.7044437787097606
3.948,0.32477847653871394
3.952,0.19979085872207994
3.956,3.031459702413811
3.96,-0.0946573289592137
3.964,1.6350261785598497
3.968,1.0111608047880207
3.972,-1.401412503664817
3.976,2.3806438917830954
3.98,-1.042782086545114
3.984,-1.3207996306098075
3.988,0.9201538633534002
3.992,0.8971025415032479
3.996,0.15446934258990225
4.0,0.9401796738312129
4.0040000000000004,-1.9468075439819232
4.008,2.4242470849471536
4.0120000000000005,-0.0870551092187023
4.016,0.14607886618731714
4.0200000000000005,-1.8887135809650237
4.024,1.0060548838425942
4.0280000000000005,3.6554282384977954
4.032,2.9401213053253685
4.0360000000000005,-1.2912913708394882
4.04,1.3779079415723663
4.0440000000000005,-0.008868007803222167
4.048,0.2690468218470159
4.0520000000000005,-0.7261221070829972
4.056,0.6234690452077061
4.0600000000000005,1.341185966353375
4.064,-0.61004514511323
4.0680000000000005,-0.37031163151736557
4.072,-1.0980173928432537
4.0760000000000005,-1.8195337567785357
4.08,1.2028981022107734
4.0840000000000005,1.6356370938902516
4.088,-1.299396758059033
4.0920000000000005,0.3273927111576054
4.096,0.1757773906564945
4.1,1.341861018580952
4.104,0.7734811153360249
4.108,1.0667177475400034
4.112,0.33325563432053273
4.116,-1.458008208941889
4.12,2.5530004066403356
4.124,0.062111689221803545
4.128,1.541764018972966
4.132,0.07316117772289221
4.136,-1.3729022005232239
4.14,-0.17756908291496498
4.144,-4.006646566158409
4.148,-0.7942492887346397
4.152,-3.1778386501153277
4.156,0.6932615960589199
4.16,-1.8995893358394258
4.164,-0.20657063429919575
4.168,-1.284051575057385
4.172,1.4658812717567133
4.176,-2.3103612816015247
4.18,-0.9246042480322081
4.184,-1.1015415363391439
4.188,-1.1540308998601907
4.192,-0.28168924795430017
4.196,-2.7280396393088964
4.2,-0.6707970058821799
4.204,-3.5387790627270634
4.208,2.208904983185633
4.212,-0.5320381543692592
4.216,1.472944578593267
4.22,0.43375896333293296
4.224,2.6666870048569478
4.228,4.335903655890235
4.232,1.78971407627939
4.236,-0.20447125616426187
4.24,0.3518473770068605
4.244,-1.939857516621098
4.248,1.500859316969977
4.252,0.4117150174945199
4.256,-1.2333440174917798
4.26,-0.17120956245370655
4.264,0.18615052548905997
4.268,-0.27233086129491246
4.272,-0.3585719870648427
4.276,0.5515962893457754
4.28,-2.557647465826716
4.284,0.2622633540995988
4.288,0.4722210198931014
4.292,0.3752048439814882
4.296,-2.47205189665227
4.3,1.8762415265377148
4.304,0.7374517369479671
4.308,1.385431141581044
4.312,2.633970349817689
4.316,0.4236007816885341
4.32,1.2850856078342594
4.324,-0.44289754868186615
4.328,1.3406878274168268
4.332,2.6735410800914723
4.336,1.2242787389404546
4.34,-0.9276340844245969
4.344,1.3748594866079715
4.348,-1.0979052032640952
4.352,2.659996768678755
4.356,-0.23874465861081287
4.36,-2.2584096407973493
4.364,0.4094370390449512
4.368,-1.435465209799714
4.372,0.33617510297187214
4.376,-0.9073400052676471
4.38,-2.4095128498010503
4.384,-1.0920011377243484
4.388,-2.134688018891195
4.392,-1.4325285098556222
4.396,-1.5690922279760424
4.4,1.1693374249393416
4.404,1.5295129503388938
4.408,1.3879565689295195
4.412,-0.6609403119864792
4.416,0.14659111819988235
4.42,0.5965727239666316
4.424,1.5054764514060899
4.428,1.5914392497527736
4.432,-1.0892166805378296
4.436,-3.3693373792727264
4.44,2.1529385766692917
4.444,-1.1251724817037896
4.448,-0.9933973374503244
4.452,0.26733681387057495
4.456,-0.2561290941670834
4.46,0.9212204128776169
4.464,-0.7953034259142362
4.468,-0.8189766099566603
4.472,-0.4174341342724104
4.476,0.49968490454706094
4.48,-0.03339881535339018
4.484,-3.2400357381914904
4.488,-1.4774010242982945
4.492,-1.279241835496346
4.496,2.6338185938838627
4.5,-0.3976746092264028
4.5040000000000004,0.965181199129159
4.508,-1.8412334862151838
4.5120000000000005,0.7586519201942343
4.516,-0.6887460088618199
4.5200000000000005,-0.7416157799632008
4.524,0.5680998210556234
4.5280000000000005,0.4432350808149219
4.532,-1.163076994949176
4.5360000000000005,0.7594741849800505
4.54,2.595644288211483
4.5440000000000005,0.4467127659242668
4.548,-0.25276206879524066
4.5520000000000005,-0.7775831532200788
4.556,2.419434218469899
4.5600000000000005,-1.468476312934482
4.564,-1.216649827975026
4.5680000000000005,-4.17419706689172
4.572,-0.14323876024106286
4.5760000000000005,-0.9089343891047353
4.58,-0.569360823737413
4.5840000000000005,0.5616436920177829
4.588,0.15043753956958072
4.5920000000000005,-0.15194115043327916
4.596,-0.7503479484793886
4.6000000000000005,-0.7165040422648966
4.604,-0.15239219038135957
4.6080000000000005,-0.19154266898836791
4.612,1.7862814525882489
4.616,1.381755852784747
4.62,2.135521587627737
4.624,0.15868162622903503
4.628,0.5792657696785803
4.632,0.10964286077864682
4.636,2.123403673365572
4.64,-0.5534955852905722
4.644,-3.2364801839510497
4.648,1.71363880964965
4.652,-1.9827265442783988
4.656,-1.72327721951191
4.66,-1.1920624800494444
4.664,-0.8774165522595528
4.668,-3.6656651079486617
4.672,-1.2467981618764115
4.676,-3.8602953997202176
4.68,-1.8131980675704293
4.684,-1.4540478656991396
4.688,0.22762226323404966
4.692,0.2727264027345626
4.696,-1.553013576932254
4.7,0.34641035971497325
4.704,0.22084151518100237
4.708,1.29912308799162
4.712,0.46270359392315885
4.716,-0.7710372412179736
4.72,2.4980277590906157
4.724,1.2160343933594993
4.728,1.10103729811879
4.732,-1.244632289653276
4.736,-0.6363755188177063
4.74,-0.8873342124290002
4.744,2.7068952657278764
4.748,1.9380346670757427
4.752,2.497597477593058
4.756,-1.0026449698102606
4.76,2.514077877500971
4.764,1.2847821469293992
4.768,-0.8363696156143388
4.772,1.0712252236077417
4.776,-1.3822578681830664
4.78,-4.19197462779602
4.784,-0.3046893451889058
4.788,-1.5810467351364186
4.792,-2.488038895011382
4.796,1.6691656093605989
4.8,-0.4401126413189731
4.804,-0.00913666454908893
4.808,-1.8243613433156343
4.812,0.8963118619997306
4.816,2.0472648475272144
4.82,-0.045082395023691824
4.824,-0.1187908786000389
4.828,2.242255166631701
4.832,0.26671495884609797
4.836,0.8825306229254738
4.84,1.9170341458331475
4.844,2.227642377214752
4.848,-0.7878703850072957
4.852,-1.3078550896504275
4.856,0.8425841020000258
4.86,1.659837795235341
4.864,1.034333019471839
4.868,-1.970055208059691
4.872,-1.2503884075724228
4.876,0.11631720488390851
4.88,-1.002158770918489
4.884,-2.0679801371758137
4.888,1.2340762251915787
4.892,-0.3083294219264778
4.896,-1.2893531477198574
4.9,-1.9101901156712593
4.904,-0.45663925954210316
4.908,-0.7754454074883004
4.912,0.08156197450269576
4.916,1.6177460411423181
4.92,0.30212672817456654
4.924,0.17104439048626152
4.928,1.2604608346680801
4.932,4.771726641846673
4.936,0.3027567446441815
4.94,-0.9451860142691231
4.944,1.2637035846711409
4.948,-1.188674166964225
4.952,-0.9124329948974614
4.956,-0.07508855058423952
4.96,0.0015585735971815895
4.964,-0.8852016197143507
4.968,-2.111169104931404
4.972,-1.1920085833763348
4.976,-4.411787047896707
4.98,-1.7561735717917264
4.984,2.265068024752468
4.988,0.4019941070558949
4.992,-0.2661726150672092
4.996,-3.9535344507179593
5.0,-2.5960778837623786
5.0040000000000004,2.5896885843385684
5.008,1.97977238192703
5.0120000000000005,1.6474460861869185
5.016,0.12561549574533648
5.0200000000000005,-1.0790251833064215
5.024,1.8471239526539989
5.0280000000000005,-1.2811389076635844
5.032,-2.000386093559088
5.0360000000000005,0.5196162103953699
5.04,-3.4603519980844615
5.0440000000000005,0.13622087909663583
5.048,-0.19008040872272777
5.0520000000000005,1.7109930727066485
5.056,2.944833608802137
5.0600000000000005,0.04983670144700181
5.064,0.8226314482038549
5.0680000000000005,0.7614547350165477
5.072,-3.31033154787678
5.0760000000000005,-0.6290479723831077
5.08,-1.4783411277766476
5.0840000000000005,-0.912710985277592
5.088,-3.2676251485629826
5.0920000000000005,-0.2599231485829322
5.096,-1.0197959495338758
5.1000000000000005,0.007820714464876477
5.104,-1.9750199158315422
5.1080000000000005,2.045686839623288
5.112,-0.8238830667409857
5.1160000000000005,-0.8664680030132448
5.12,1.3744290285427065
5.124,-0.6209296618119011
5.128,0.9796660854266004
5.132,-0.6988124423918177
5.136,-0.7265800024825271
5.14,-1.0726425294932866
5.144,-0.7491956624848073
5.148,0.9147212171553684
5.152,0.31299799282007623
5.156,2.5471123996626703
5.16,4.512261507597809
5.164,1.7645738795693235
5.168,0.5244233495320851
5.172,2.562451477217454
5.176,-0.5006690985332793
5.18,-1.018906392255687
5.184,-1.7750996467498144
5.188,-0.5935820218306009
5.192,-3.8352224827411945
5.196,-0.9507886477997192
5.2,0.5910323110828454
5.204,-0.687095533746584
5.208,2.301637123553639
5.212,0.2753931943933816
5.216,2.5747439839483897
5.22,-0.35371773417717045
5.224,-0.2817064256845434
5.228,1.8190167412489358
5.232,-3.288763324528297
5.236,-2.046642759360493
5.24,-2.1496727710824386
5.244,-2.6193769142270584
5.248,1.521625816551212
5.252,2.008192660795699
5.256,0.11592570536641467
5.26,-1.737545930822666
5.264,2.8975794698363644
5.268,3.383799622478178
5.272,0.5523820977827514
5.276,0.47072022567497596
5.28,-1.982781774645578
5.284,-0.830982128700344
5.288,-2.6967628705326203
5.292,-2.694529514632185
5.296,1.588609313932575
5.3,-0.45288561985303466
5.304,1.4890985276946465
5.308,3.7255270251388892
5.312,2.936238010233832
5.316,0.10652062027917164
5.32,-0.0032714694088508134
5.324,0.6752088814799304
5.328,-2.239641585788755
5.332,-2.185172410920207
5.336,0.26780629447000337
5.34,-0.8585122589063481
5.344,-1.1872794810004552
5.348,-1.617704071514832
5.352,-0.9679753390880828
5.356,-0.14349255648323744
5.36,1.6121786345146045
5.364,0.32956892026736484
5.368,1.0765269124886823
5.372,0.8915904343279035
5.376,-1.196661453035396
5.38,-1.4569442478559163
5.384,-0.5726107812197285
5.388,-4.648631990278398
5.392,-0.16053100062200143
5.396,-0.11782405377185784
5.4,3.026764087760518
5.404,-0.3507563685868088
5.408,1.7888413851631713
5.412,-0.7408927964668435
5.416,-0.2856130607540588
5.42,-1.8716917458511535
5.424,0.8679775132061195
5.428,-1.090835973035516
5.432,-2.7712099434487314
5.436,-0.37507565982624025
5.44,0.20244210821576725
5.444,-1.0933467215930095
5.448,-0.35981481016847383
5.452,0.8739902675422568
5.456,0.7320421316214502
5.46,-1.3539068212196819
5.464,1.650490341037169
5.468,2.1261515001909586
5.472,0.5283978260655446
5.476,-1.489137471042134
5.48,-2.477291115618982
5.484,-0.7577006539321911
5.488,-0.8044944502944253
5.492,0.9948852328125407
5.496,-1.428958828137904
5.5,-0.5177502576204288
5.5040000000000004,1.1364942989472437
5.508,0.7124476819230021
5.5120000000000005,2.708179818083779
5.516,0.13273643277545577
5.5200000000000005,0.06991151344743252
5.524,2.385631963100217
5.5280000000000005,0.6635722251332081
5.532,-1.6197786845397155
5.5360000000000005,-0.3433390557632259
5.54,-3.0994227998167894
5.5440000000000005,-1.478482663184804
5.548,0.2500282447128339
5.5520000000000005,1.3673216958370091
5.556,0.3073706291116495
5.5600000000000005,-1.3250799844586343
5.564,-1.949937699464697
5.5680000000000005,-1.2675985897391935
5.572,-0.3760114751567421
5.5760000000000005,-0.46457230808898387
5.58,-1.5222372075269635
5.5840000000000005,0.3639840227715274
5.588,-0.2779121618151782
5.5920000000000005,-1.4990364532761429
5.596,2.1230460719918747
5.6000000000000005,-2.182049228775385
5.604,0.6999722613929803
5.6080000000000005,0.2001100131550586
5.612,1.863666306655482
5.6160000000000005,0.44481017844459203
5.62,0.9147382639525796
5.6240000000000006,0.9788937740577737
5.628,-0.5545986737033872
5.632,-1.7770393323933975
5.636,-0.38634859723954285
5.64,-0.8891792496916657
5.644,-2.358133331533793
5.648,-0.7405654751437584
5.652,-0.44850048627260525
5.656,-0.502707005981547
5.66,2.094761037615093
5.664,-0.013568235755011981
5.668,-1.54983946331058
5.672,1.0142535528543333
5.676,-0.0017196724456153833
5.68,-2.086622893643892
5.684,-0.09225460937453767
5.688,-1.3043046856349028
5.692,-2.081989753486054
5.696,-0.01884325624488442
5.7,0.1758224067986252
5.704,0.8478559579740401
5.708,1.2149031856923842
5.712,1.3467452012538503
5.716,2.013165684557217
5.72,-2.433702403545083
5.724,2.353878693355744
5.728,-2.036017248039882
5.732,-0.014247665959360889
5.736,0.9081267517365759
5.74,-0.9889601558834157
5.744,-0.21099088421237855
5.748,-0.34189032148964693
5.752,-0.5895022160159488
5.756,1.937805679338865
5.76,-1.1750280763204395
5.764,1.1127746990624008
5.768,-0.6361357950460343
5.772,-1.7773583386041543
5.776,1.0349037564655272
5.78,0.9088757747285593
5.784,-0.6219714231761992
5.788,-3.0163337106748416
5.792,-0.8264907904854991
5.796,-0.563520549013365
5.8,1.910339375034388
5.804,-0.6488346431656189
5.808,2.9329358389979694
5.812,1.4500299790834885
5.816,0.47211132317552285
5.82,2.0481377138277033
5.824,3.276204973874387
5.828,-2.5044383120635993
5.832,-2.2720151854714157
5.836,1.7355905575220025
5.84,-2.0981429018317757
5.844,-0.7633966000630698
5.848,-1.4066874248731893
5.852,-1.8449273660220467
5.856,-1.9896652693246475
5.86,0.2513810495849752
5.864,-0.3846724271013322
5.868,7.025917371955721
5.872,-1.4360457890803575
5.876,-0.5836994383958707
5.88,-1.4333731979869886
5.884,-0.3626532384846438
5.888,0.8084673501090395
5.892,0.56814122266757
5.896,1.460494148400114
5.9,0.758078954854918
5.904,0.38128581124927463
5.908,1.2143489205854265
5.912,1.1499261444816866
5.916,-0.759687426598539
5.92,-1.0781167809151406
5.924,-0.4027283197722404
5.928,1.0957770498603818
5.932,0.793016502814846
5.936,-1.1597598527457944
5.94,0.8172578609448254
5.944,-2.4936219322502144
5.948,0.6910544995973803
5.952,1.1783073770224852
5.956,-0.4879175664659493
5.96,1.013848983058523
5.964,1.7886908259310608
5.968,-3.080115722415999
5.972,-0.7605181618778685
5.976,0.008664943441463013
5.98,-1.7036088196295038
5.984,-1.209602475290112
5.988,-1.072766468325666
5.992,-2.4864674289272375
5.996,-0.5391493622181873
6.0,0.5965587417207041
6.0040000000000004,0.3074978923006118
6.008,2.4300889471257907
6.0120000000000005,0.6805976653420743
6.016,0.670460632855295
6.0200000000000005,-2.549842834642419
6.024,2.764882690786828
6.0280000000000005,1.647952375686983
6.032,-2.2918993866620747
6.0360000000000005,-4.803814817077235
6.04,-1.2712596266708478
6.0440000000000005,-1.3180310221849765
6.048,-1.018679228991653
6.0520000000000005,0.2759579976209123
6.056,2.099574547870822
6.0600000000000005,-2.1216824420249205
6.064,-0.9671136480659575
6.0680000000000005,-1.3656742485258988
6.072,0.020391508903033317
6.0760000000000005,-0.4335511367193958
6.08,-1.059693105201979
6.0840000000000005,0.1937694038265848
6.088,-0.05767751761445994
6.0920000000000005,-1.3147888190475703
6.096,0.3295123659721103
6.1000000000000005,0.10312110089989694
6.104,0.7989913106328477
6.1080000000000005,-1.720119948219275
6.112,-0.17946679791729503
6.1160000000000005,0.12277542598442359
6.12,2.6460340366046484
6.1240000000000006,0.9103612011898008
6.128,-0.21393324438078354
6.132000000000001,-1.7552306130328064
6.136,-0.05012415937282266
6.140000000000001,0.9451293762619906
6.144,-0.0019539006904604195
6.148,0.8445414232045234
6.152,-1.0752614348775058
6.156,0.9747392889343933
6.16,-0.3752824475591907
6.164,2.1249037279100476
6.168,3.4838735352703045
6.172,0.19203303014487247
6.176,-2.7813011327363744
6.18,1.0935995717226603
6.184,-0.5805267381502932
6.188,-1.168860541956517
6.192,0.2524752835731394
6.196,-1.4837188178206835
6.2,-0.7972637745913844
6.204,-1.2975827188665738
6.208,0.6414341781191766
6.212,3.398284345469339
6.216,1.4826071161416832
6.22,0.27545093739581655
6.224,0.5358143501268383
6.228,-0.44732304710298776
6.232,0.3354844549079179
6.236,-2.2153245380539484
6.24,-0.0235925617464654
6.244,0.38254543167817867
6.248,0.07592165784307645
6.252,1.1231406631860834
6.256,2.3855711762660397
6.26,1.7658747363681688
6.264,3.4792661692522735
6.268,2.8752462199282056
6.272,-0.37415289013853426
6.276,0.20165968734700418
6.28,-1.436362217404002
6.284,-1.3857876196646597
6.288,-1.3709476935805158
6.292,0.11299469331347556
6.296,0.604535884893443
6.3,-1.3500718753081018
6.304,-2.7034653481066444
6.308,2.7122468714025065
6.312,0.617657536940343
6.316,4.566298265396578
6.32,2.386446825044696
6.324,0.9239842708808732
6.328,-0.2172706736905327
6.332,-1.6474486309642007
6.336,-0.3779824590519233
6.34,-0.6140252590553559
6.344,-0.9714942547678826
6.348,-1.518977327165676
6.352,0.3067888585842585
6.356,-1.3696588320485672
6.36,-0.6857622522818525
6.364,0.7194405016749634
6.368,1.2530829334916043
6.372,-1.2775974822715934
6.376,-1.5326387275898716
6.38,0.38737673534036665
6.384,0.9340989344349634
6.388,-0.9956037003478063
6.392,1.1410735820891114
6.396,-2.8777760303724342
6.4,-0.28474886254234116
6.404,1.452751331397495
6.408,2.805460346019298
6.412,0.051446298496804266
6.416,1.405582221324864
6.42,1.0443810120219936
6.424,0.777325533663886
6.428,0.7935110780014427
6.432,-2.6100117615120193
6.436,0.43132984314848133
6.44,1.4756302236254424
6.444,-0.07934043086494458
6.448,-0.5799756846910336
6.452,0.9082828701363663
6.456,-3.623491135853621
6.46,0.029307832049003446
6.464,-1.2585040919465151
6.468,0.7912724589848805
6.472,1.9054942196505982
6.476,-0.7548862087694495
6.48,-1.8094630589628284
6.484,-3.423312466421967
6.488,-1.034136465250305
6.492,0.9141298798164771
6.496,-0.7282200751670558
6.5,-0.22645198463512076
6.5040000000000004,1.9072251193058243
6.508,1.8776791188611455
6.5120000000000005,0.2126339564729144
6.516,-0.5425706302526131
6.5200000000000005,0.7706452463473984
6.524,1.91737847514843
6.5280000000000005,-0.08848134667802249
6.532,1.626296990340033
6.5360000000000005,0.20638009174212268
6.54,1.056401139135212
6.5440000000000005,0.05385448691483441
6.548,-4.15610491229671
6.5520000000000005,1.5943282972317983
6.556,-0.8691474167728773
6.5600000000000005,0.04095076107646545
6.564,3.7381745645903415
6.5680000000000005,1.4143326513401087
6.572,0.7196016609840066
6.5760000000000005,0.8455857270193933
6.58,0.7155648162684766
6.5840000000000005,-3.253711630204893
6.588,-0.734736475390744
6.5920000000000005,-1.4555859613364224
6.596,-0.9950792736777815
6.6000000000000005,2.287334603765123
6.604,-0.23955676234435103
6.6080000000000005,2.311748413442004
6.612,-0.775839639180021
6.6160000000000005,1.8013214704171463
6.62,-1.1693018582591224
6.6240000000000006,0.5795307006904074
6.628,0.44564726398794763
6.632000000000001,0.1285981413159495
6.636,-3.376261289602044
6.640000000000001,-1.746211983820769
6.644,-2.73854983432581
6.648000000000001,0.8971044013327808
6.652,1.564583672372906
6.656000000000001,3.628992897976244
6.66,0.657646074463959
6.664,-2.445616122646227
6.668,0.2798935072435009
6.672,1.1189771761803993
6.676,-1.4622463449551644
6.68,-1.0597828772960667
6.684,-1.526903671597093
6.688,1.920793157623733
6.692,1.2428453164658397
6.696,1.8901093133134224
6.7,-2.711737458003444
6.704,1.7588719733647555
6.708,1.6356595293246579
6.712,4.9864793541257875
6.716,0.7977523021571684
6.72,0.2520434730693202
6.724,2.417060355879622
6.728,-3.190061639843404
6.732,-1.7560725488075248
6.736,0.975098016959679
6.74,2.653314830431404
6.744,0.9077648886563174
6.748,-0.7359877891099541
6.752,-0.2811715189559119
6.756,1.1579133767486347
6.76,1.6698043487623797
6.764,2.3136083993724217
6.768,0.6375112665422482
6.772,-1.3597117891559822
6.776,-0.5780565291925212
6.78,-0.43287759849171303
6.784,-2.2304213178285472
6.788,-0.7268005748975822
6.792,-3.277189410353584
6.796,-0.4972790803214205
6.8,-0.9436514837165604
6.804,2.7990684992207155
6.808,-0.6185142762616886
6.812,0.38314652661977666
6.816,0.4336201353229927
6.82,-0.6360386326840395
6.824,0.5936570072312319
6.828,0.6585981253143331
6.832,-0.2587035583005285
6.836,1.284222141922902
6.84,-0.8749023219718112
6.844,-0.5638600966699363
6.848,1.31351068515509
6.852,-1.812108095117461
6.856,2.5532071683386084
6.86,0.9489910595239349
6.864,2.9942488854201987
6.868,-0.8309078598036029
6.872,2.3374743209922375
6.876,-1.4195603031438742
6.88,-2.2878414581162168
6.884,-1.3515583640510704
6.888,-1.0680010808022318
6.892,0.9409796618453431
6.896,1.7293173504903812
6.9,0.6481712048903451
6.904,2.1671992608578643
6.908,2.2704451907927794
6.912,4.115368417986572
6.916,2.0344573541438393
6.92,0.04944177620846779
6.924,0.6974378592442587
6.928,-2.946804856760189
6.932,1.0495758614636583
6.936,-1.1077768276274076
6.94,-0.18376193714506905
6.944,0.8616392743620339
6.948,-1.0925079664925765
6.952,2.9317737859225437
6.956,-1.2673275562014092
6.96,2.5887878593382867
6.964,2.3297097081232585
6.968,0.010354987421036244
6.972,-1.7007168106160084
6.976,-1.9154973575394005
6.98,0.015058170481701993
6.984,-1.5286424466757715
6.988,-3.5870260116531143
6.992,-0.9846080051423496
6.996,-0.4340327520290542
7.0,-1.0538321481652306
7.0040000000000004,-3.229062845027918
7.008,1.0603026252545484
7.0120000000000005,0.3529513530351467
7.016,1.8251900626222866
7.0200000000000005,1.689272660436858
7.024,0.9512523455345194
7.0280000000000005,0.23082536465745324
7.032,-0.34282746045591844
7.0360000000000005,0.9717405574228656
7.04,-3.4029770125019274
7.0440000000000005,-2.5113147952832247
7.048,-3.597553351977735
7.0520000000000005,1.6119775696510692
7.056,-1.5096599883576218
7.0600000000000005,0.914543436171025
7.064,1.4075925280246873
7.0680000000000005,2.2644271795001707
7.072,-0.9008560521061385
7.0760000000000005,0.48583862264757777
7.08,-0.06249603250937852
7.0840000000000005,-1.6545937443711052
7.088,-1.8501589277428394
7.0920000000000005,-0.14092523335969465
7.096,-1.8778943512073636
7.1000000000000005,0.5432515519343065
7.104,1.2696433369009925
7.1080000000000005,0.9536076373511989
7.112,2.959066328468981
7.1160000000000005,0.8450055010572153
7.12,0.860715898042604
7.1240000000000006,0.5645451269005676
7.128,-1.7548811041032206
7.132000000000001,2.4012320859935916
7.136,-1.1893857042372977
7.140000000000001,1.302597799938305
7.144,1.7832403454781234
7.148000000000001,-1.5882658296962184
7.152,0.7486549513385637
7.156000000000001,-0.359465561833196
7.16,2.2891750959079573
7.164000000000001,-1.2044758238828983
7.168,1.469056010175215
7.172,2.10940165625259
7.176,0.4745122869149504
7.18,-1.4348221483534656
7.184,-0.6506867563515569
7.188,-0.8950522558958455
7.192,-2.8641205374635224
7.196,-1.0535613482014743
7.2,0.4167486498379741
7.204,1.0390796861996228
7.208,-0.3278060188015097
7.212,1.9360407279679461
7.216,-0.3232440494341017
7.22,1.8668514588032765
7.224,1.206154218747724
7.228,-1.9067087245563243
7.232,-3.8334941843740165
7.236,-3.157824101987879
7.24,0.21172987861070125
7.244,0.08461501690202833
7.248,-2.023904286376206
7.252,1.6007689086518364
7.256,-0.846199878998505
7.26,1.4304600845208018
7.264,2.368604929167879
7.268,-2.001639775468245
7.272,4.244838080540708
7.276,0.04474363159091055
7.28,-2.435387425498717
7.284,-3.6652930083647677
7.288,0.39380606611424807
7.292,1.1891675303860716
7.296,-3.058312014635263
7.3,2.4371845882221255
7.304,0.8414198928939085
7.308,-1.0894962820952045
7.312,1.8969764487528016
7.316,2.3349886609758865
7.32,0.3836342318706085
7.324,-1.1780858107789909
7.328,0.33985391787042163
7.332,-0.008487883781802541
7.336,0.5294240737469061
7.34,-0.5550688363333215
7.344,0.45757655517069484
7.348,0.9517788348983448
7.352,3.752403501578439
7.356,3.0502606228189135
7.36,1.8675142122034853
7.364,0.8857982687586871
7.368,-0.11403134338262999
7.372,3.3308368958298677
7.376,-0.6354608771138519
7.38,-0.8898917229503842
7.384,-2.2614315919627535
7.388,-1.4798094666126986
7.392,-3.0653281288522356
7.396,-1.536237768526874
7.4,1.6991522828485208
7.404,1.2016198963863327
7.408,0.8020546889000607
7.412,0.7147879545162994
7.416,3.4692195393321192
7.42,3.3524325073301497
7.424,2.136093685879375
7.428,1.2512345275377768
7.432,-1.6287926548001614
7.436,-2.9507050712041707
7.44,-2.3372947745683086
7.444,-0.16369650425513715
7.448,-2.833331126527152
7.452,3.0004089838791574
7.456,0.6155593607298332
7.46,0.7710842063006046
7.464,-0.25001488444405984
7.468,-1.208564224379534
7.472,1.419318596477412
7.476,-0.6179851562251697
7.48,0.2786781340349562
7.484,-2.8420199850269476
7.488,-0.45167162245656134
7.492,0.006439459899318711
7.496,0.30400785775043626
7.5,0.5063129362278712
7.5040000000000004,0.531361900710503
7.508,-1.7477401895996203
7.5120000000000005,1.8551569842203688
7.516,2.927995449458835
7.5200000000000005,1.6445284866860865
7.524,1.1120793569463645
7.5280000000000005,-0.2857359572436101
7.532,-0.015553594310505958
7.5360000000000005,-0.22891475187381072
7.54,-0.934702524217983
7.5440000000000005,-3.082637818003657
7.548,-2.428916333363405
7.5520000000000005,1.7504881226674267
7.556,1.623351353570285
7.5600000000000005,5.359796507918832
7.564,1.143003404774067
7.5680000000000005,-0.466174706370037
7.572,2.834589912851316
7.5760000000000005,-0.5313801856307745
7.58,-1.7740980393100092
7.5840000000000005,-5.029788834300908
7.588,-0.1375139820155178
7.5920000000000005,-0.633277824394509
7.596,0.7703058775901204
7.6000000000000005,1.366631993914517
7.604,0.46129980728514103
7.6080000000000005,0.3309933758630452
7.612,-1.0696444005767085
7.6160000000000005,1.287171685430982
7.62,1.1333070827841003
7.6240000000000006,-2.122620940747181
7.628,2.7047206893486853
7.632000000000001,-0.5226432173274604
7.636,-2.2162801629784346
7.640000000000001,-1.6257969527265717
7.644,-1.201020779375564
7.648000000000001,-0.857839423091217
7.652,-0.8377442650851199
7.656000000000001,-0.4235354752389283
7.66,1.5119824220355926
7.664000000000001,-0.5063519584111412
7.668,1.3011613692061814
7.672000000000001,-1.041788574625205
7.676,-1.1977239853366175
7.68,-2.165180714240452
7.684,-1.2573541032956073
7.688,-2.2295309026122876
7.692,-2.1210277620299154
7.696,0.4723408140971743
7.7,-0.7379523389951034
7.704,0.3544297066620915
7.708,0.39682571508400144
7.712,0.1772791996539993
7.716,3.5144146278714254
7.72,1.0825747807483985
7.724,0.04166530671295274
7.728,2.704289034311504
7.732,1.3700854548130783
7.736,-0.8041269728981789
7.74,-0.5674450414547337
7.744,-1.0070445351474677
7.748,-0.07586516983367797
7.752,-0.926101303017721
7.756,-0.4607860887893622
7.76,1.6089124746953232
7.764,2.2754349824608227
7.768,3.8763124747638527
7.772,3.39641773819814
7.776,-1.9867270771927508
7.78,-1.9633323197704924
7.784,-0.5766528439766035
7.788,-1.3612462270079355
7.792,0.1803021300658918
7.796,0.23837496632315724
7.8,-1.7044668900137794
7.804,-1.1691700277670551
7.808,0.10718915499549142
7.812,2.3906259530945513
7.816,2.1578258691451095
7.82,2.140004600322922
7.824,1.5421428729251452
7.828,0.08852317179897923
7.832,-0.08537887264466404
7.836,0.7002339967175343
7.84,1.1367473350680573
7.844,-1.6033316387114422
7.848,3.0265034124811434
7.852,-0.36760149155980426
7.856,2.02705554432282
7.86,0.21003901550269133
7.864,3.811168938702146
7.868,1.4301362088744076
7.872,0.07453275001285437
7.876,-0.3669731747540851
7.88,-1.8080485258358578
7.884,-1.5025846547747221
7.888,0.6645929184949134
7.892,-2.603422776229846
7.896,-3.2900292157927438
7.9,1.0764146798440182
7.904,0.27801357230019047
7.908,1.155983365035316
7.912,1.575695758871511
7.916,1.9334600895617402
7.92,1.2627891341195396
7.924,-1.3413168223405874
7.928,-1.5410819949165988
7.932,0.1846873882738026
7.936,-2.34515445293339
7.94,-2.6638859346306685
7.944,-2.164914637650545
7.948,1.8684062453547254
7.952,1.98994781290829
7.956,1.092718311674557
7.96,-0.3286949897425153
7.964,2.935838772069439
7.968,2.8192817285128893
7.972,3.962221906564782
7.976,-2.528770461160431
7.98,-0.9022065564404589
7.984,-1.9184027336439513
7.988,-1.1046635112794274
7.992,-3.226147064235847
7.996,0.2110206263093209
8.0,-2.637506090247341
8.004,-0.5933915459937085
8.008000000000001,1.582001419656729
8.012,-0.8503236390715593
8.016,0.4004792329886373
8.02,2.135832919360115
8.024000000000001,-3.1543402289081635
8.028,-1.6915994304573643
8.032,0.14389666516649258
8.036,-3.9062053962047507
8.040000000000001,-1.4227953705130976
8.044,-1.6629772172445823
8.048,-0.4278482326345346
8.052,1.692853444516699
8.056000000000001,-4.065725678234033
8.06,0.09515343499963502
8.064,2.465974517454228
8.068,0.7231213281304255
8.072000000000001,-1.4929632497904115
8.076,-1.5625350679238503
8.08,-2.1236228630770237
8.084,-2.68685080922397
8.088000000000001,-1.4170678893494506
8.092,-1.8297450705738416
8.096,-0.711226137108317
8.1,-0.8044441892606283
8.104000000000001,-0.9247804502508683
8.108,0.12073093789807954
8.112,0.9446527002704525
8.116,1.328228484463776
8.120000000000001,-1.263235082475678
8.124,1.0472586765378384
8.128,-1.4385515262835311
8.132,0.6474331995245959
8.136000000000001,-2.8253956729640337
8.14,-1.4624111752387214
8.144,-0.7685631373204913
8.148,0.0926983536296275
8.152000000000001,0.902696347802457
8.156,0.694080761318123
8.16,-1.1568475761435693
8.164,0.767111777530709
8.168000000000001,-0.03027335518577312
8.172,0.06863618225165019
8.176,0.6520634123963098
8.18,-2.21090056132937
8.184000000000001,-1.578135261274487
8.188,0.17093149365190596
8.192,-0.9668805211419691
8.196,0.6992138106475041
8.2,0.9549522221732278
8.204,-1.1359978703796085
8.208,2.0666970591498313
8.212,0.0684625383230707
8.216,-0.03070757711381078
8.22,2.4924304562045503
8.224,0.48793953436470094
8.228,0.9220894187301396
8.232,-3.63966233339307
8.236,-0.7005008271862483
8.24,-2.351281309395403
8.244,-1.1537664812492499
8.248,-1.1905307111680372
8.252,-2.5428910066104486
8.256,3.9864897158385877
8.26,1.7878618656349996
8.264,2.1274235813352846
8.268,0.5374570082385705
8.272,-3.2353534250068767
8.276,-1.8801824206281754
8.28,-2.4658668489422424
8.284,-1.2638932837441663
8.288,-0.17349360982607864
8.292,-0.887163214848418
8.296,-1.391354591840738
8.3,-0.4261085768022329
8.304,0.8033911786927386
8.308,2.465722569907192
8.312,-1.0614111046190187
8.316,1.4326488876260972
8.32,0.1372890976111889
8.324,0.9396247729565987
8.328,-1.1597980062714903
8.332,1.197625747694266
8.336,1.7022669689551189
8.34,-1.4581717365031925
8.344,-3.3255902707440703
8.348,0.26891047732111506
8.352,-1.7344744727836539
8.356,2.1591452409209717
8.36,-0.26612936538501875
8.364,-0.1952650611821264
8.368,3.2995597101257514
8.372,2.426353189215099
8.376,1.4728479829646466
8.38,0.5865847848874552
8.384,-1.2625492928730124
8.388,-4.352839834705009
8.392,0.9418360490508516
8.396,0.10655904585635395
8.4,0.13099767516536917
8.404,4.315811810028227
8.408,-1.5705850542751363
8.412,0.8147455465563701
8.416,2.3692689759171572
8.42,0.936014441980288
8.424,1.7036276671778339
8.428,-0.19767652413140036
8.432,-0.913586285697734
8.436,-1.48118487227008
8.44,-0.13720768513234782
8.444,-1.9606467243494707
8.448,1.3360949553644654
8.452,-0.8525834801688228
8.456,1.6899159707617522
8.46,1.1934496141014697
8.464,1.2107917272645723
8.468,5.182572953873219
8.472,0.9987350510816277
8.476,-0.1388972153992873
8.48,-0.07265580406912953
8.484,-1.2676603712140735
8.488,-3.4451155275521765
8.492,0.31427499756799726
8.496,-0.4365726702329398
8.5,-0.25528217946657633
8.504,1.2201400605793327
8.508000000000001,1.8973048378752773
8.512,2.8868861943704283
8.516,-0.5874143632290248
8.52,1.6565874870133275
8.524000000000001,-1.6399418249564375
8.528,0.6698646162136451
8.532,-0.5715561830946154
8.536,-0.7048919971437135
8.540000000000001,2.9785366458228717
8.544,-1.3096872961138648
8.548,-0.3884678846551962
8.552,-1.4428365120921256
8.556000000000001,1.6057734939944952
8.56,3.035781800922553
8.564,0.8897949680566267
8.568,1.794599954457345
8.572000000000001,1.709284320870333
8.576,1.3940018009384192
8.58,-1.4755373255775752
8.584,-0.26996098387722145
8.588000000000001,0.13939241955306902
8.592,-0.8940447224934005
8.596,0.036221729358308696
8.6,1.863000964102845
8.604000000000001,1.628963458953073
8.608,0.9823025274975997
8.612,0.6806824373152056
8.616,-0.20156937809838982
8.620000000000001,-2.1551776251668167
8.624,0.06343661740101413
8.628,-0.6190175416479053
8.632,-1.3166846893331972
8.636000000000001,-0.3431091124577239
8.64,-1.574905700775227
8.644,-2.512741595183624
8.648,-0.6003061177189485
8.652000000000001,1.566884078969821
8.656,1.6361419787744436
8.66,2.55624034878086
8.664,3.0274106840289585
8.668000000000001,-1.9366004288518572
8.672,-0.208241210785355
8.676,1.8134584029980332
8.68,1.5608923894020794
8.684000000000001,-1.482858230567102
8.688,-1.8627815299825001
8.692,-2.2429324843145646
8.696,-0.41546176764398657
8.700000000000001,-1.2276330339438184
8.704,-1.0519090710102899
8.708,2.370240165235002
8.712,1.9974643694305954
8.716,-0.5381131221430221
8.72,2.124923012282267
8.724,-0.8642147278816849
8.728,0.21799199112294038
8.732,-1.2912500375991653
8.736,-4.150569428075749
8.74,1.0017128987426993
8.744,-1.4682452866417839
8.748,-0.1067162837031273
8.752,-2.404988918283975
8.756,0.3590970439373413
8.76,-1.1421892338145474
8.764,2.397173188618826
8.768,1.2915441742834732
8.772,0.02342830246619232
8.776,-0.06945028308713175
8.78,-1.6587537982860292
8.784,-1.5430230163160268
8.788,-0.7258819807095278
8.792,0.6662134008715817
8.796,-0.12613121979633057
8.8,1.0813422918409434
8.804,-1.6858817929952568
8.808,-0.7066218200729688
8.812,2.2918095424470653
8.816,3.3537154675690966
8.82,-0.13642633096830958
8.824,0.5095089135976096
8.828,-0.5079818461150356
8.832,-0.9650831708022474
8.836,-0.6788678474723098
8.84,-3.3489226538816737
8.844,-1.758490911297431
8.848,1.3173421106001573
8.852,2.268426893716496
8.856,-2.0695683798647817
8.86,1.4127460462146066
8.864,0.27262732746099294
8.868,0.8415538779736362
8.872,-0.3651866829508249
8.876,-2.1716421477545085
8.88,-2.314140899624908
8.884,-0.5737894034846154
8.888,-0.7672569648098213
8.892,-0.5832472901599981
8.896,0.6069908328194944
8.9,-3.957839294035539
8.904,-0.7588044273432425
8.908,0.935036535037717
8.912,3.8656898980603382
8.916,1.1315950710869118
8.92,1.924275237160582
8.924,-1.934992323938531
8.928,-1.5478965310438924
8.932,-1.2151827337485919
8.936,-0.0887376412154477
8.94,-3.8618291627404133
8.944,-0.15744751051164407
8.948,1.1984786473002895
8.952,-0.5790313176201789
8.956,-2.800725068146256
8.96,2.1384900988205597
8.964,0.11449644782025237
8.968,0.8482301045702074
8.972,-2.0933277615266244
8.976,-2.2879988063902044
8.98,-1.5064588061197015
8.984,-2.18640550119155
8.988,1.1564265191968384
8.992,-1.2558133012522172
8.996,0.04798134919871533
9.0,0.8953881240893716
9.004,0.287804500595893
9.008000000000001,2.31414679561431
9.012,0.2467146241313498
9.016,1.054290007537023
9.02,0.7117128878711454
9.024000000000001,-0.3818638896733035
9.028,1.221200645205022
9.032,1.1615197974183546
9.036,-1.4845816274936336
9.040000000000001,-1.2576904333012833
9.044,-1.6153208337118001
9.048,0.8790484629103237
9.052,-3.9146612502326574
9.056000000000001,0.1863391210860264
9.06,0.7015022858554276
9.064,2.4582262122429626
9.068,-1.0610800202809207
9.072000000000001,-2.8226191277191846
9.076,-0.49267230493143577
9.08,0.08798682188951623
9.084,-0.09421135817279391
9.088000000000001,-0.2196179342923471
9.092,0.5582692054517359
9.096,-0.11894128629850348
9.1,-0.55474509175395
9.104000000000001,-0.4253816895435995
9.108,0.15367374898298136
9.112,0.43434078731290304
9.116,2.3495735926379795
9.120000000000001,1.887053977884868
9.124,-2.784217444259044
9.128,0.5760471348753163
9.132,2.221645505351984
9.136000000000001,-1.4677075446572272
9.14,-0.8183650519462945
9.144,-2.5015360255157764
9.148,-2.50208091040977
9.152000000000001,-2.1090345086537603
9.156,1.4940126567642897
9.16,-0.5192831498357503
9.164,0.581268067801603
9.168000000000001,2.073231775979546
9.172,-1.6315166866497472
9.176,0.004836655262709821
9.18,1.438328920523123
9.184000000000001,-2.521343260658658
9.188,-1.3637418849976166
9.192,-3.4150894806833008
9.196,-0.3798345111673821
9.200000000000001,0.5081553135524197
9.204,2.511204474805579
9.208,-1.4401045091045437
9.212,2.8629229289303
9.216000000000001,0.5528498219657871
9.22,0.18518827047531827
9.224,2.3274670825223858
9.228,-1.9224186299340786
9.232,2.0953803670004447
9.236,2.135211237167079
9.24,-0.9608490182684671
9.244,-2.989011300275943
9.248,0.7878777866046682
9.252,1.9337726065032959
9.256,-2.0286148269093696
9.26,1.3921711355227568
9.264,-0.11704814088317761
9.268,0.15928221550734134
9.272,-2.2173242062158383
9.276,2.861315702647413
9.28,-1.5598352700127744
9.284,-1.939043853862903
9.288,-1.9977322673780167
9.292,-1.0332733103153677
9.296,-1.874122666790472
9.3,-0.0507267032252516
9.304,1.4806191039177883
9.308,2.2569501702661876
9.312,0.4329399869859629
9.316,3.49628231839497
9.32,0.2989553544992657
9.324,2.4037997226936123
9.328,-0.3422207750895923
9.332,1.1740948392899586
9.336,-1.9723813461697344
9.34,-2.2030098879439146
9.344,2.3909904410635283
9.348,-0.49652954578989505
9.352,3.0347965513367234
9.356,0.06004080361775799
9.36,0.4565480026447583
9.364,0.6448264174056813
9.368,-2.4251360722038844
9.372,-1.4067968996470421
9.376,-1.7587595765369541
9.38,2.4619683725585784
9.384,0.927846639611223
9.388,-3.2390282750858765
9.392,-2.018733124377122
9.396,-2.0572543939785866
9.4,-1.3625559661589768
9.404,-0.15391663895555663
9.408,-1.0324409719096872
9.412,0.8602645589472456
9.416,1.3291569585292187
9.42,-1.6748000276914115
9.424,-1.2454273988807936
9.428,-1.2906503219812282
9.432,-0.6999359770519261
9.436,0.7328175898963446
9.44,-0.6782151283247515
9.444,-2.792327339076801
9.448,0.8264715171857092
9.452,-1.3439230671114597
9.456,2.899707408100195
9.46,0.12408040024215516
9.464,-0.8195958402715224
9.468,1.2416533062310378
9.472,-0.8983350669410557
9.476,1.739774551026879
9.48,-0.8088828155495955
9.484,-1.301616123412026
9.488,-1.539068236456151
9.492,-3.7021323251284795
9.496,0.362599289875983
9.5,-2.718354144756722
9.504,0.9453863150621491
9.508000000000001,-0.3249544177789465
9.512,2.731567918979139
9.516,0.03139784145064328
9.52,0.6671566435608917
9.524000000000001,-2.061363715975187
9.528,-2.0009369995003032
9.532,-1.5962626424537376
9.536,-1.3492169717138436
9.540000000000001,-1.0399359058027773
9.544,0.7409506601025984
9.548,-3.287890285148673
9.552,-2.4760008902474904
9.556000000000001,3.7500659293921252
9.56,-0.2096092004725778
9.564,3.186006508034023
9.568,-2.014295999719847
9.572000000000001,2.701285529965081
9.576,-0.9754585412718512
9.58,-0.08981619068051128
9.584,-1.8050580192255417
9.588000000000001,-1.1459102737337827
9.592,-0.9912186172678537
9.596,0.3331231816957951
9.6,-2.334725924465619
9.604000000000001,-0.7878799275428322
9.608,0.1011619966242775
9.612,0.43274813395934
9.616,1.005082814371629
9.620000000000001,2.011499392058514
9.624,-1.2572279503448098
9.628,-2.0520224929423145
9.632,1.4266902393556435
9.636000000000001,-1.0497285696654788
9.64,-0.8535663379496419
9.644,-0.07465190360068574
9.648,-2.3289371959559326
9.652000000000001,-0.29399445169914545
9.656,-1.6313240132835483
9.66,0.7008704160929091
9.664,2.235525665278948
9.668000000000001,0.5394993656815741
9.672,-0.8604652253889375
9.676,-0.2018501964637052
9.68,0.08864713169362315
9.684000000000001,-0.8839646422360842
9.688,-1.2626010356575692
9.692,-1.096077898713371
9.696,-2.6890969030275134
9.700000000000001,-1.5097020140464177
9.704,0.7511876764950921
9.708,0.6497517252896831
9.712,2.7356713007185185
9.716000000000001,1.5806000980345805
9.72,-1.2267096921386944
9.724,1.9359716813403587
9.728,-1.137861517495182
9.732,-0.8772382550582508
9.736,-2.624760570836906
9.74,-0.5285367741763412
9.744,-1.318824738099815
9.748,0.8598928970350902
9.752,1.451642825954476
9.756,0.32645196251085556
9.76,0.3460587293947094
9.764,-2.457991900444533
9.768,-0.6769673025662588
9.772,3.3031096089532404
9.776,2.3969108912461707
9.78,1.311395286339545
9.784,-0.47652689777631935
9.788,-0.8953818683192283
9.792,1.8004516393245575
9.796,-0.8176936166106279
9.8,-2.700311746209479
9.804,3.2456188156305723
9.808,-2.2668684639303835
9.812,-2.0408910488341734
9.816,1.1866827406585143
9.82,-0.8146991695821433
9.824,-1.575380491762378
9.828,1.6560640559570572
9.832,-4.705764609643959
9.836,-0.5205633067954964
9.84,-1.192497543551184
9.844,-2.1742127943316336
9.848,-1.803468390225575
9.852,2.9457831233816423
9.856,1.2740134413365847
9.86,2.970564200462138
9.864,0.7251330294336089
9.868,-1.0540472431993444
9.872,-2.5612620869697227
9.876,-0.2366266847876405
9.88,0.30988350684859445
9.884,0.15146045318950352
9.888,-2.4917770697913277
9.892,-1.28530570877691
9.896,-1.9438847875173788
9.9,-0.06326392144933737
9.904,2.5504829085564635
9.908,-0.6119880645153234
9.912,2.6244293786773696
9.916,-1.0536579909294774
9.92,0.9874414267260452
9.924,1.2046861640234612
9.928,-3.474062772500944
9.932,-1.0910780202680315
9.936,-0.12167526695180986
9.94,-1.1529576429914985
9.944,-0.7406992451930916
9.948,1.6966772350318746
9.952,-2.765635214742406
9.956,0.37043201118132085
9.96,1.067890106722573
9.964,1.1774328782712575
9.968,1.5239036654729068
9.972,-1.3869395054579265
9.976,-0.5422388849564859
9.98,-0.10751283601081396
9.984,1.8937079741606297
9.988,0.05539270693346976
9.992,0.5579620135532563
9.996,-2.4567998773523687
