Time,EEG_Channel_1
0.0,-0.47672100956839736
0.004,1.0936290445971237
0.008,1.7337646650381675
0.012,1.2572967803264365
0.016,3.3377521883253616
0.02,-0.25328888455659804
0.024,-1.7989140457596207
0.028,-1.2822266173956622
0.032,0.07314738647981489
0.036000000000000004,1.3959315110681139
0.04,3.0982705533923873
0.044,-0.5734833729527471
0.048,-1.4048459032527612
0.052000000000000005,1.3077154086682394
0.056,-0.6437748475812362
0.06,-0.1556104185749576
0.064,-2.5877630666996456
0.068,2.0229831401535945
0.07200000000000001,-0.8205368902887038
0.076,0.9692158865551759
0.08,1.1856915606836718
0.084,0.7871261727508901
0.088,-0.9343416198141983
0.092,1.4167233367163323
0.096,-0.6597265587680883
0.1,-0.12298840632047833
0.10400000000000001,-1.669449080232899
0.108,3.0957001647560545
0.112,0.20367849054306214
0.116,-0.4819015487961148
0.12,2.1899305996948866
0.124,-0.31222316878382506
0.128,0.8939793767650017
0.132,2.638631805996586
0.136,0.3067483233338869
0.14,-0.09210804870086986
0.14400000000000002,2.843293547482286
0.148,1.5349851737582532
0.152,-2.4633344372563437
0.156,-0.46519274716457487
0.16,0.8297130710760295
0.164,-0.05793719525770247
0.168,-2.876601615448612
0.17200000000000001,-1.4011706623970774
0.176,0.6922736718766567
0.18,-5.344833089666235
0.184,-4.051898810036985
0.188,0.8665716209284182
0.192,-0.8583993020770263
0.196,-0.4975996276242999
0.2,2.1473988764322685
0.20400000000000001,0.35987554259004495
0.20800000000000002,-1.7212750162100556
0.212,0.6030658576425175
0.216,0.5458835985130177
0.22,-0.6996271098265237
0.224,1.8385678032358876
0.228,3.131358469987412
0.232,0.48176475708498634
0.23600000000000002,2.075447861960479
0.24,2.2758713353687305
0.244,0.0909623161979507
0.248,2.316909521665187
0.252,-0.6960969584797124
0.256,-0.9972734857393291
0.26,-1.7815625628080292
0.264,-1.2997054262777001
0.268,-1.3419400953452643
0.272,0.4230897196023511
0.276,-0.5286972735608364
0.28,-0.7538966119276709
0.28400000000000003,-2.0334397240470534
0.28800000000000003,2.2587898782528235
0.292,-2.487742616881866
0.296,-2.6346077812095237
0.3,1.2324071958850855
0.304,-1.1191811989142606
0.308,0.2171604393725683
0.312,-1.9835371328954057
0.316,-0.9806228457823375
0.32,1.6551201952953882
0.324,2.723332988815945
0.328,1.9024427573708946
0.332,2.728919596592207
0.336,2.173702579931919
0.34,-1.44801669003341
0.34400000000000003,1.0814467863616684
0.34800000000000003,-2.357768899757521
0.352,-0.8370009497136407
0.356,-2.4577223586744545
0.36,-0.8006002141869651
0.364,-3.4237659537863063
0.368,-1.8155191166556128
0.372,0.12641112627183326
0.376,0.5930429253163532
0.38,-2.597333724495855
0.384,-2.1177413280261095
0.388,1.0954600324980253
0.392,0.39377232260128436
0.396,-0.2760156751796406
0.4,-0.44854305541502504
0.404,-2.8760531151129642
0.40800000000000003,1.5449237321803375
0.41200000000000003,-0.3599755523022272
0.41600000000000004,-3.0198483487015375
0.42,-1.4536347588987377
0.424,1.80884050060028
0.428,2.5599699776136737
0.432,-1.053802806850871
0.436,0.40713150112808566
0.44,-0.701537401506173
0.444,0.2109011137478979
0.448,-2.623229686070427
0.452,-0.20602188162539753
0.456,1.9784407780066924
0.46,0.06325765863723243
0.464,-2.2370652541887126
0.468,-0.7448244870295172
0.47200000000000003,0.8766141444241634
0.47600000000000003,-1.0448030247671916
0.48,0.10264561712899811
0.484,-0.8455503885458608
0.488,-0.8030949735706238
0.492,-2.6671674146594744
0.496,-3.3346714956980517
0.5,-0.7323750940327783
0.504,-1.7419853445478413
0.508,-0.09421286460685346
0.512,-0.03549603727340134
0.516,-0.47856775523400785
0.52,2.0245181214780836
0.524,1.0985693119985283
0.528,1.5935166422433344
0.532,0.026404063189334748
0.536,2.1716152662049755
0.54,0.17449186972367126
0.544,0.0697491672939956
0.548,3.113656013326708
0.552,-4.3946658403545795
0.556,-0.9277256229699027
0.56,0.17255300355078973
0.5640000000000001,0.01191335590775755
0.5680000000000001,-1.5291646570760398
0.5720000000000001,-3.480425584729911
0.5760000000000001,2.0652566405551402
0.58,-0.7758880923137678
0.584,-1.7379272347863806
0.588,-0.5705733698076094
0.592,-0.419344997733559
0.596,0.9677610396384597
0.6,2.285508096971119
0.604,-0.39939761691529174
0.608,1.6926467598746757
0.612,-1.4396996205656014
0.616,2.3180293497775954
0.62,-1.55017933602038
0.624,2.285548601326714
0.628,2.515735209886233
0.632,1.4172795616958043
0.636,0.3999920534411509
0.64,-2.062078198726147
0.644,3.2736141214686674
0.648,1.9374822522803563
0.652,0.1349323820233551
0.656,-4.014510585994228
0.66,0.6237112055651921
0.664,-3.457802809423356
0.668,0.02616114236867162
0.672,0.7942375326371666
0.676,-1.2891019003387936
0.68,-1.4838469702911719
0.684,0.46946770093590084
0.6880000000000001,-2.099525727237995
0.6920000000000001,0.4393370659540535
0.6960000000000001,-2.622351428691796
0.7000000000000001,-0.8833480813201685
0.704,0.7193917071023883
0.708,-1.5106533376240938
0.712,0.9017848372696227
0.716,0.8461282310935482
0.72,0.7084966165829296
0.724,1.950869661080106
0.728,3.521156011646389
0.732,-2.4601804684516506
0.736,-1.128146478053425
0.74,1.1210352585070529
0.744,3.190229160402435
0.748,2.073673303231391
0.752,1.225307916287093
0.756,-0.3806653619409135
0.76,-2.0427305589767326
0.764,-0.9775363057160722
0.768,-2.1884481881374467
0.772,-2.1968247588111085
0.776,1.1926060338266409
0.78,-1.898255091360621
0.784,-0.4889225452131521
0.788,-0.8588705492365662
0.792,-0.2534116141688032
0.796,0.9679587807384162
0.8,-2.216708008614204
0.804,0.28637159425156383
0.808,1.2400391325298066
0.812,3.122530168981543
0.8160000000000001,1.2115295342401846
0.8200000000000001,-1.246241091781233
0.8240000000000001,2.8301354942312784
0.8280000000000001,2.3300486110506697
0.8320000000000001,0.7742648279360289
0.836,-0.19225456488905457
0.84,-2.03966878724075
0.844,0.9901659472875657
0.848,0.433737951303391
0.852,0.5216156180592009
0.856,-0.91890879942842
0.86,-0.80781786148864
0.864,-0.8848038880269768
0.868,-0.3756206863987651
0.872,-2.648279342386325
0.876,1.2976718220290697
0.88,-0.8792726098494363
0.884,-0.404311080540832
0.888,0.9538164757825656
0.892,0.19315024825184451
0.896,-0.6276836714570344
0.9,-0.8785752417312198
0.904,0.3949986159793745
0.908,0.3183749890559616
0.912,1.7229366583966408
0.916,1.0428518920066432
0.92,-0.6916190654557876
0.924,-0.15286965715781564
0.928,3.351991001944111
0.932,2.6986276116306933
0.936,1.5504226419187126
0.9400000000000001,0.5667190309160012
0.9440000000000001,1.4836493857305808
0.9480000000000001,-3.2136833722190774
0.9520000000000001,-0.7138983818515758
0.9560000000000001,0.31107266810575335
0.96,-0.5263193138971265
0.964,0.16042827675686877
0.968,-3.6826641879781232
0.972,2.138564629326295
0.976,-0.4711239836391735
0.98,0.3227679005189541
0.984,-1.1119531096423674
0.988,-2.505975491708557
0.992,-0.49398765828072805
0.996,-2.9042716471101557
1.0,-0.27975503849796235
1.004,2.3051136303293167
1.008,1.1928418215768977
1.012,-1.5105637437108685
1.016,2.177693298900174
1.02,4.6853440440693745
1.024,-0.6449598482414824
1.028,0.7966036209624427
1.032,2.3570529787310464
1.036,3.1612566595964404
1.04,-0.23945618934650992
1.044,-1.351744347521017
1.048,-0.2954207414263358
1.052,0.3850408714460207
1.056,-0.8081753652694954
1.06,-2.3254429920985653
1.064,-0.646108914039525
1.068,-1.588672385412565
1.072,-2.7280504460603967
1.076,1.1466073038785503
1.08,-2.493924901821857
1.084,0.44302228294669654
1.088,-1.4087411924738595
1.092,2.2838153629436393
1.096,-0.20746350095380078
1.1,-0.7574551217524009
1.104,-1.6685404849727012
1.108,1.8676906965363482
1.112,-1.4835486987009516
1.116,2.1422662212629966
1.12,3.3695560278929664
1.124,-0.2904724597922135
1.1280000000000001,2.5153606703853058
1.1320000000000001,2.531581419853801
1.1360000000000001,0.20487071941736523
1.1400000000000001,2.8711748590261124
1.1440000000000001,0.67334995954792
1.1480000000000001,2.196118771213498
1.1520000000000001,0.3200193419189866
1.156,-0.9441799927891645
1.16,-1.060672547618549
1.164,1.1834681514614416
1.168,2.460899659535915
1.172,-4.090092453309378
1.176,1.5338027017331308
1.18,-1.7524758866659373
1.184,1.82494227540889
1.188,-1.8919871466997848
1.192,0.7324005684836652
1.196,-1.3349501751289534
1.2,0.21868752784367085
1.204,0.5194422250173487
1.208,0.9929913464701492
1.212,0.8414057647606094
1.216,0.17000858895770388
1.22,-0.6387990742233721
1.224,2.258650812434894
1.228,1.113359491466737
1.232,-0.24560185921145639
1.236,1.8008766573580401
1.24,0.3226238435621228
1.244,0.5261209994531919
1.248,-1.2527895095295554
1.252,-0.028963112554612175
1.256,3.3516916856119265
1.26,1.2992622188023675
1.264,0.2811663071541427
1.268,-0.09100392570391269
1.272,-1.2656183783385893
1.276,-2.1537415988500848
1.28,0.5609639847867889
1.284,-3.5721921817152733
1.288,1.7451178633867714
1.292,-0.5941786259472058
1.296,0.7553526073153775
1.3,-1.7113717857468234
1.304,2.1903379490194474
1.308,0.09987522438339497
1.312,1.4661682129266058
1.316,2.2061688567399163
1.32,1.5471426716915087
1.324,-0.03081164152592042
1.328,0.36163565767490813
1.332,0.27607942997172874
1.336,3.711649545119114
1.34,3.6512205365091592
1.344,3.252298267545355
1.348,-0.1532750753488993
1.352,0.21683110075118364
1.356,-1.4788012736764709
1.36,3.503748670376452
1.364,0.7992545170723715
1.368,1.3974758486574983
1.372,-2.0453298731739675
1.3760000000000001,-0.3370423563070507
1.3800000000000001,0.8300717565233703
1.3840000000000001,1.2571856580022578
1.3880000000000001,-1.266986459425854
1.3920000000000001,0.8157552204064634
1.3960000000000001,-0.9671334729929887
1.4000000000000001,-2.2209364756031396
1.4040000000000001,-1.7715857298383173
1.408,1.271588380895508
1.412,2.1811127735782807
1.416,0.6415931465359381
1.42,1.734037141390067
1.424,1.7947722500431964
1.428,-1.609150642595464
1.432,0.535669091523452
1.436,1.3390696291822974
1.44,-0.8927296107124181
1.444,2.683526565787881
1.448,-1.8058553981394945
1.452,0.08882421458311215
1.456,1.0196459298135778
1.46,-2.3251922486813426
1.464,-0.5529291159026489
1.468,-0.14115041297649356
1.472,-1.1093874177868455
1.476,-0.9352391868118215
1.48,-0.15946103005704015
1.484,-0.3443470743663045
1.488,-1.5642849374943903
1.492,-2.5761342202802995
1.496,2.352732066949429
1.5,0.7274274584118744
1.504,-0.11536906719061252
1.508,-0.14769078673621894
1.512,0.4023917600707366
1.516,2.5111680262197558
1.52,0.6558660422033701
1.524,1.8057056647719296
1.528,3.038821565886196
1.532,-0.837939162968137
1.536,1.9465710113971852
1.54,-2.32855904318151
1.544,1.3566270104968219
1.548,0.7864104565184111
1.552,0.937411133130314
1.556,1.4059620649793372
1.56,-0.5753803454207417
1.564,-1.6017049336069062
1.568,0.02007706766990891
1.572,-1.2575557398862451
1.576,-2.29395853295571
1.58,-2.546473798051866
1.584,-1.2080388255945915
1.588,0.22732533576118086
1.592,0.3502162227145794
1.596,-2.289830862538912
1.6,0.07620130090436436
1.604,0.28026472850187545
1.608,1.4434553501348568
1.612,-0.08936987154194187
1.616,1.8210982995602372
1.62,-0.1844181890422465
1.624,-0.1967386158173291
1.6280000000000001,2.429436055247489
1.6320000000000001,0.11249665165509104
1.6360000000000001,0.2550510305315855
1.6400000000000001,1.3828837118009771
1.6440000000000001,-1.666661903482904
1.6480000000000001,0.5382345100921919
1.6520000000000001,1.3649872757798625
1.6560000000000001,-1.7841041857643356
1.6600000000000001,-0.10778341018344828
1.6640000000000001,-3.0823219660148586
1.668,2.854728902222642
1.672,-0.19968665784227846
1.676,-1.8254833802274049
1.68,-0.23331426033100222
1.684,0.319242023910303
1.688,-3.084855936218634
1.692,-0.5230715829030801
1.696,-0.19229902346383396
1.7,0.24342663806436504
1.704,0.3422152536995031
1.708,-2.168036240007659
1.712,-1.690953242995839
1.716,1.2764066608840796
1.72,2.1790028499863525
1.724,1.1681448782339374
1.728,0.5382190659217023
1.732,1.253682298846499
1.736,-0.6570470318776643
1.74,-0.1901872383858756
1.744,1.2501943048342736
1.748,0.9438272499689746
1.752,2.505934720475602
1.756,-2.025707310665674
1.76,-2.2326926996179255
1.764,0.8908051464726848
1.768,0.1476124891886612
1.772,0.8976623788851019
1.776,1.908323344556301
1.78,0.5863288293044933
1.784,1.1627712259772336
1.788,-2.061989584420552
1.792,0.3168703473494815
1.796,-1.5285702374290357
1.8,-0.7248264677554713
1.804,0.04286845263822428
1.808,1.3546311812840826
1.812,2.213996387549181
1.816,-2.1421581640463954
1.82,0.5784085810166675
1.824,0.8859258148643966
1.828,2.9879100822067532
1.832,-1.3203580816748997
1.836,0.08855194356489293
1.84,0.12514076468498359
1.844,2.7731069275837275
1.848,0.6630093060986186
1.852,1.946736533949513
1.856,-0.3110222929118996
1.86,-1.5785813298412632
1.864,-1.5641064142260086
1.868,-2.684940655072463
1.872,0.19307443450081974
1.8760000000000001,4.28854970268061
1.8800000000000001,-2.177378188541766
1.8840000000000001,-4.065868484687647
1.8880000000000001,0.12397784608917439
1.8920000000000001,-1.60173345908111
1.8960000000000001,-2.2473745617510885
1.9000000000000001,0.8486310036839679
1.9040000000000001,-0.7268730045903413
1.9080000000000001,1.1767436853101656
1.9120000000000001,-0.6493519938699587
1.9160000000000001,-0.11278590817525636
1.92,0.38981072153325247
1.924,2.8954868424402602
1.928,1.3745908866750383
1.932,-0.9998197386045302
1.936,1.0375031592759694
1.94,-1.8314653406531214
1.944,-0.9555649868040423
1.948,2.532837109256915
1.952,-1.099476380060716
1.956,0.6853700498347033
1.96,-1.3708851078726343
1.964,2.1725255020393988
1.968,-2.1416259886045035
1.972,-2.5162163246870493
1.976,-1.310127633028325
1.98,-1.7325453519888003
1.984,-3.0421752944173885
1.988,-1.116176654132755
1.992,0.579142113656832
1.996,-0.27955974072001566
2.0,0.6483349844272073
2.004,-1.6492587448467384
2.008,-2.703870121124852
2.012,-0.561252185643441
2.016,0.7048196422807566
2.02,0.8361883696803308
2.024,2.4460004142744136
2.028,2.7447973399273526
2.032,2.4709214356444793
2.036,0.8871184419416239
2.04,0.6044485318872111
2.044,0.17174868941302945
2.048,3.9174094701962696
2.052,1.7655619242853522
2.056,-3.9529245691999018
2.06,-0.8143771444852339
2.064,-0.6572468983194896
2.068,-2.2582065639146123
2.072,-3.4509935462208134
2.076,-2.7645494872051124
2.08,-2.003493878235566
2.084,0.29740111972027183
2.088,-2.282697620842321
2.092,0.5004430657213479
2.096,-0.29384702636687654
2.1,1.1008949267749075
2.104,1.694499897475401
2.108,-0.060944029032139635
2.112,1.6450063136975057
2.116,1.590203868710443
2.12,0.028417120986306
2.124,0.07555544678855952
2.128,-1.0700611359574497
2.132,1.6832164268543888
2.136,-0.3555222217417865
2.14,2.060458345926127
2.144,2.09067821194746
2.148,0.5345259776949635
2.152,-1.006717808742536
2.156,-0.8532200492355445
2.16,0.2568182354257357
2.164,0.6104994365259789
2.168,0.5284560951831963
2.172,0.00972758556286002
2.176,-0.28561030322133973
2.18,0.7393876752993946
2.184,-1.7248881011066177
2.188,0.09519333474346847
2.192,-1.8943584773167654
2.196,-0.9748512104044356
2.2,-1.9017114230475667
2.204,-3.018289720013417
2.208,2.001831802973612
2.212,2.7261755460286983
2.216,1.4134109880520482
2.22,1.9519762189991197
2.224,0.2720769989963583
2.228,0.9278936143929992
2.232,1.03110285068519
2.236,2.5136708187487753
2.24,-1.7571049750937744
2.244,2.3729107071401088
2.248,-0.02319743649557396
2.2520000000000002,-0.5805810723349032
2.2560000000000002,-1.0756723724050903
2.2600000000000002,0.07848537487572604
2.2640000000000002,-1.6936458741073706
2.2680000000000002,-0.6748456234119582
2.2720000000000002,-0.23792937287487492
2.2760000000000002,-1.1898926268906502
2.2800000000000002,-3.461810951184041
2.2840000000000003,-2.9465226334323185
2.2880000000000003,-3.199741162672245
2.2920000000000003,-0.5297666059578893
2.2960000000000003,-1.6396561740222901
2.3000000000000003,1.7140299138624406
2.3040000000000003,1.365800570626256
2.308,0.46895542758711095
2.312,-0.6003425798911909
2.316,0.11407775028812417
2.32,0.7344443306937909
2.324,2.696956338556909
2.328,1.305914357445948
2.332,3.703574642074485
2.336,1.709797210521891
2.34,0.3249842386542239
2.344,1.690386782015993
2.348,-0.9175171049500132
2.352,-0.44689891002578663
2.356,-1.433501296628576
2.36,-0.44985778346780486
2.364,0.3797591119319965
2.368,-1.0976407665355643
2.372,-0.6417678165517948
2.376,0.2157752423366034
2.38,-2.4666130761446046
2.384,-0.8418785575106729
2.388,-1.72457368443981
2.392,-1.887771986817549
2.396,1.1254787372287545
2.4,-1.0258297349713834
2.404,-0.4097195772339318
2.408,0.6180386259422637
2.412,-1.4452737018271358
2.416,1.1904283783034437
2.42,1.922646603117491
2.424,1.2664091555217356
2.428,1.0672577133939374
2.432,2.394007959398274
2.436,1.756508385750015
2.44,2.197187499750459
2.444,-3.423899573120289
2.448,-0.9596270659747927
2.452,0.8096703318912648
2.456,1.096707900090125
2.46,-0.9175186646487885
2.464,-0.7226449495097668
2.468,-0.6177473238361364
2.472,-2.4415751837085184
2.476,-0.6289963298932532
2.48,-0.00454984714336526
2.484,-2.4831586853548515
2.488,0.5566094596197708
2.492,-0.29019437609892285
2.496,-1.8530268413417734
2.5,0.2536518412015695
2.504,0.9005729150389965
2.508,-1.4265853296599984
2.512,-1.5202600035167144
2.516,0.32108394625213654
2.52,2.114396549218624
2.524,0.8434497579016518
2.528,2.781168849273935
2.532,-0.9013876324793157
2.536,4.670154014859938
2.54,0.6933274927895621
2.544,0.9155497373520155
2.548,-5.3297524655364095
2.552,1.379201325924532
2.556,-1.5977306086488041
2.56,2.473485392474214
2.564,0.31076288653610995
2.568,-1.2432554700039886
2.572,1.096713576835067
2.576,-2.5807436290258186
2.58,-1.2566281153668926
2.584,-1.444986699305931
2.588,-1.2825989722735176
2.592,0.49437376889702767
2.596,0.26731366118404315
2.6,4.413032141070958
2.604,0.3294098002492442
2.608,-2.989260598980259
2.612,1.581748071189442
2.616,1.476587137615889
2.62,-0.3695213786094862
2.624,0.6588040324363196
2.628,-2.189405237379697
2.632,2.2646969022986987
2.636,1.5843013861147273
2.64,0.5855306591528167
2.644,1.8746651355753463
2.648,0.028009679293422934
2.652,-0.49067282173217475
2.656,-1.6332836676611708
2.66,-3.40624845151219
2.664,0.04194984872989738
2.668,-2.3460407460785113
2.672,0.4991643804142536
2.676,-0.3428565519991864
2.68,-1.862540641562721
2.684,-0.23832315345333233
2.688,0.45157798000444016
2.692,-0.6061948782873094
2.696,-1.0732234079192162
2.7,0.4914829756700008
2.704,-0.8226595907263986
2.708,-1.547188498787089
2.712,0.7629734139341257
2.716,2.3669707852480384
2.72,0.5689460372419499
2.724,1.8691014693057069
2.728,1.7068380100823761
2.732,2.95373797958443
2.736,2.318330121255822
2.74,0.30242071412576516
2.744,0.6066195586783988
2.748,-0.6434792730271267
2.7520000000000002,-1.9047136846110615
2.7560000000000002,-2.533384539624442
2.7600000000000002,1.84936029098554
2.7640000000000002,-0.6930726722792062
2.7680000000000002,-1.7896181482176878
2.7720000000000002,-0.7009268436774807
2.7760000000000002,3.069445114481423
2.7800000000000002,-2.6083861904300876
2.7840000000000003,-0.4875947596391541
2.7880000000000003,0.30473558025925895
2.7920000000000003,-0.3667346403575294
2.7960000000000003,-2.959784054891537
2.8000000000000003,-2.3690185497507064
2.8040000000000003,0.045578716943944386
2.8080000000000003,1.7061157906554842
2.8120000000000003,0.7521477984235828
2.816,3.4514183841711086
2.82,3.3715765007029623
2.824,0.22871297345649755
2.828,2.1867171219830532
2.832,2.0902094214145093
2.836,0.07106174163428547
2.84,0.08850729582610722
2.844,0.10118845252374603
2.848,1.3598920593111063
2.852,0.34061511578786885
2.856,-1.826455473988037
2.86,0.8386270594428503
2.864,-1.7530757578165954
2.868,0.11855279789203244
2.872,0.0529545545351251
2.876,-0.3863404279580469
2.88,-2.2833212156432685
2.884,-3.0050292385609043
2.888,-2.4759844045066135
2.892,-0.9382521968870641
2.896,0.15585714773161535
2.9,-0.29827627787857713
2.904,-0.07805141082651301
2.908,-0.9393089130056251
2.912,2.2518706948869145
2.916,2.033170239705946
2.92,0.8160290706696367
2.924,1.2900373357243278
2.928,-0.002707998161068037
2.932,3.3364959759790187
2.936,-0.1585421375295868
2.94,-0.1246639772059761
2.944,-0.37742336997045023
2.948,0.980859504568074
2.952,0.5186495446276722
2.956,1.7279272673499633
2.96,-3.3543625191110147
2.964,0.058382553248647495
2.968,1.2741455771388792
2.972,-1.2579325222987836
2.976,-1.731986004455788
2.98,0.47491226041397083
2.984,0.44745075613158103
2.988,-2.5518057562734677
2.992,1.521669212674376
2.996,0.9165474142585038
3.0,0.18948749091219103
3.004,0.6432050001760696
3.008,-0.295128500252704
3.012,-0.05620889667154283
3.016,1.9924578874170957
3.02,0.7739845142596067
3.024,5.517232878334896
3.028,1.1296304157544368
3.032,2.3765747237179267
3.036,-1.214137525723733
3.04,1.1196694820472517
3.044,1.4210981528375548
3.048,-1.5202661889045115
3.052,-0.6761489460825671
3.056,-2.217212242653387
3.06,-0.4077663019635611
3.064,-0.9480798982327112
3.068,-1.6992851409066136
3.072,0.6880621025576535
3.076,-2.067424407053405
3.08,-0.23357932522175107
3.084,-0.6401472911347519
3.088,-0.28856013647626705
3.092,-0.6427633485376613
3.096,-0.21354654626479735
3.1,0.40849602769289656
3.104,-0.4403003544457742
3.108,1.4712024608038219
3.112,0.5775047058844989
3.116,2.8998438006726284
3.12,3.113027350037635
3.124,0.9936071581344562
3.128,0.5365657924032061
3.132,0.9602225788781202
3.136,2.015308416130334
3.14,-0.25309516735682647
3.144,-0.653737025668913
3.148,0.41951591127513044
3.152,1.4495206024705796
3.156,1.0210344605330997
3.16,0.6520000000517528
3.164,-2.681503818469205
3.168,-2.2732509343970992
3.172,-1.0665988479114186
3.176,0.18844758509843174
3.18,-0.7623770161755187
3.184,-3.8541521411040653
3.188,-1.6366156798933216
3.192,-0.24945478408516275
3.196,-0.8732870542508467
3.2,0.33600151264618905
3.204,2.8424286783909936
3.208,1.0264821748592
3.212,0.08728316868039454
3.216,1.6966822536985537
3.22,-0.8458849120757924
3.224,-0.7506326339099366
3.228,1.9715477911678967
3.232,0.444001554987531
3.236,1.5427034721780908
3.24,0.3814995171582701
3.244,-1.2390559761899795
3.248,0.8117643104860608
3.2520000000000002,1.0349936391100538
3.2560000000000002,-2.7070548779136843
3.2600000000000002,-1.0111720054650277
3.2640000000000002,-1.9642472977849006
3.2680000000000002,0.6720768412421898
3.2720000000000002,-0.7992426493061302
3.2760000000000002,0.9554599147145397
3.2800000000000002,1.2270442933989583
3.2840000000000003,-0.5227121001740755
3.2880000000000003,-1.803603338245236
3.2920000000000003,-1.3910677963403724
3.2960000000000003,-1.6022407033484618
3.3000000000000003,0.5095989558116204
3.3040000000000003,-1.8579310094542625
3.3080000000000003,0.2696016418301882
3.3120000000000003,-0.13146143603433225
3.3160000000000003,-0.30731139052980094
3.3200000000000003,0.5357046877018597
3.3240000000000003,1.8633132836991648
3.3280000000000003,-1.212972851274623
3.332,1.91972671914984
3.336,1.1074995923586095
3.34,0.6703077910636794
3.344,-1.7007479046404028
3.348,-2.005323760299973
3.352,-1.5813788482398938
3.356,-0.3881316510616871
3.36,-1.8991179255184325
3.364,-1.7449634294780922
3.368,1.070889866176779
3.372,-1.8039240054083059
3.376,1.1022484659742198
3.38,-0.30846955545801835
3.384,-0.17945856908573343
3.388,-0.5721266425623387
3.392,1.6102344203192862
3.396,0.3779615282849403
3.4,-2.5829460435716736
3.404,-1.677803448008977
3.408,-0.24206950722233433
3.412,1.3500853983265446
3.416,3.663096987593275
3.42,0.5421679085934049
3.424,-0.2928015789895847
3.428,1.2006355000247244
3.432,1.33467999929928
3.436,-2.3627757038190755
3.44,0.3812827224876998
3.444,-1.9612171600653425
3.448,2.053129365915551
3.452,0.5715080589607029
3.456,-2.0444204617042816
3.46,1.1301589481091479
3.464,-1.5531506718387587
3.468,-2.13641337522961
3.472,-0.49591010158456755
3.476,1.0066652351573253
3.48,-3.5074723145330617
3.484,-0.42994911007214776
3.488,-1.3398770294963138
3.492,-1.134848459510939
3.496,-1.9656980587646398
3.5,-1.8169680829412236
3.504,2.291478532080444
3.508,1.3044558865865261
3.512,1.3373189284971854
3.516,0.1239438391720038
3.52,-2.000635848454432
3.524,1.7625266719846806
3.528,-2.045309395764865
3.532,1.4570644676867284
3.536,2.753595604568231
3.54,1.2292957608514603
3.544,-1.8086264219994899
3.548,2.3226886934846287
3.552,0.7814240167720454
3.556,-1.6184154160249384
3.56,3.3619694855393396
3.564,0.15381707553290191
3.568,-1.4065807580209628
3.572,-1.8068462911200183
3.576,0.5249377831254731
3.58,-3.9271126944960755
3.584,0.4430975870740138
3.588,2.061657297715469
3.592,0.15241173260208524
3.596,-0.930594920723148
3.6,0.5199770728356904
3.604,0.11106317484450334
3.608,-1.3673767785522646
3.612,-1.0901517393537503
3.616,3.6091897988828876
3.62,-1.3263376705811043
3.624,3.206414653893941
3.628,2.039586257237568
3.632,0.7896375313019623
3.636,3.4797987301299202
3.64,0.07985340977311417
3.644,1.4988278172208358
3.648,-1.0160819950972049
3.652,-0.6138185933842644
3.656,-0.655247075579044
3.66,-0.6770167395497187
3.664,-2.018410527919521
3.668,1.0994157089984187
3.672,0.05653659556742596
3.676,0.6625430751629742
3.68,-0.2061180570959461
3.684,0.4454211478123715
3.688,-2.694637308617383
3.692,-1.5190485939016023
3.696,0.11102619876490954
3.7,1.0975110002362782
3.704,-0.98134049709437
3.708,1.2657348645127133
3.712,0.4449064539425711
3.716,-1.4622702872485447
3.72,2.598669875716987
3.724,-0.9748455569835479
3.728,0.9364804195564527
3.732,2.0658719978477276
3.736,2.1518843648829815
3.74,0.7104967494559908
3.744,-0.49470604060679074
3.748,0.28354116722260714
3.7520000000000002,0.449827427495331
3.7560000000000002,-0.7180118248304648
3.7600000000000002,-1.3188784908442304
3.7640000000000002,1.1253973528405161
3.7680000000000002,1.6981141999277705
3.7720000000000002,0.5051771614960954
3.7760000000000002,-1.6686946485338139
3.7800000000000002,1.7805983547713016
3.7840000000000003,-0.5318060200791572
3.7880000000000003,-0.6417624517251783
3.7920000000000003,3.3246900565777078
3.7960000000000003,-0.7786002093589781
3.8000000000000003,-0.7019756043394088
3.8040000000000003,-3.002783775914666
3.8080000000000003,0.04238288575205812
3.8120000000000003,1.3837333535238372
3.8160000000000003,0.4400533452325113
3.8200000000000003,-0.4704594898912767
3.8240000000000003,1.200966271024233
3.8280000000000003,-0.22303647329041898
3.8320000000000003,-1.6220690577741834
3.8360000000000003,0.47184369226475875
3.84,2.6237355888439122
3.844,-1.7291560604392695
3.848,3.1558705549237795
3.852,-0.060503800328129353
3.856,-0.07069917339536419
3.86,-0.6810036965848789
3.864,-0.6321575862971196
3.868,1.4403998912614844
3.872,-0.7822347156501308
3.876,-0.615413175417851
3.88,-2.602585475159678
3.884,-2.787311194052976
3.888,0.5304349375770636
3.892,0.5201582451792814
3.896,-0.39023089705329755
3.9,-0.8668235078045465
3.904,-0.5344343372543034
3.908,1.8169053002372564
3.912,1.6876214655829989
3.916,2.4583583193394274
3.92,3.651459686473039
3.924,-0.0822759691524162
3.928,0.6724663276509142
3.932,0.6689147013218468
3.936,0.32489079029090806
3.94,0.8183551614530614
3.944,0.10570320441293035
3.948,0.34989339368646566
3.952,-1.8042417322571398
3.956,-1.7678295541614362
3.96,0.4729224654199018
3.964,-2.605189253344629
3.968,-2.1578016042618806
3.972,0.5446025001956963
3.976,-0.317782606972442
3.98,0.4558916558727537
3.984,0.6018636023420141
3.988,2.082102107143587
3.992,0.20337859507493655
3.996,-2.5287983416475126
4.0,0.4947502365941355
4.0040000000000004,-1.000968570240906
4.008,-2.9372999304622494
4.0120000000000005,0.1465350118651052
4.016,-1.3756169182672138
4.0200000000000005,0.8641065277900177
4.024,3.694399079171142
4.0280000000000005,-1.7531283567193272
4.032,-0.7356405456637024
4.0360000000000005,-0.034172778367869916
4.04,-1.0465042362991657
4.0440000000000005,0.8452146662552353
4.048,-0.7590557024002845
4.0520000000000005,-0.585489593434974
4.056,-4.036603765540818
4.0600000000000005,0.40597860022716226
4.064,-0.4056594724158501
4.0680000000000005,-1.8297617210154797
4.072,-1.184194995649727
4.0760000000000005,-0.38236008579510006
4.08,-1.0555985348580288
4.0840000000000005,-1.6003842362439484
4.088,-1.217490014955306
4.0920000000000005,0.7408992932925283
4.096,0.8311665835767199
4.1,3.6723774834927236
4.104,1.3281415287500618
4.108,0.3482758867588168
4.112,-1.8474716384632401
4.116,0.09649000231020988
4.12,0.604089483982483
4.124,4.028636506392141
4.128,1.9731252018223238
4.132,2.439599652092463
4.136,0.7397929423531294
4.14,3.1890556280566744
4.144,-3.2574894163315617
4.148,1.9677893866884772
4.152,-2.3077487900966767
4.156,-1.403195199223131
4.16,1.0012547338978375
4.164,-0.4965226003295812
4.168,-3.282221657749213
4.172,0.3162001815595057
4.176,-1.5576446767613992
4.18,2.4479972211786247
4.184,1.7340514439709827
4.188,-1.9880985813835246
4.192,0.560413391462599
4.196,-2.674145253903182
4.2,0.5661694061970103
4.204,-0.9307794406203739
4.208,0.6115382196748154
4.212,1.83377063715179
4.216,-0.9666084611475115
4.22,0.2196038455934921
4.224,1.278793882696779
4.228,5.411399642384496
4.232,2.3479260263356143
4.236,0.8657332643317498
4.24,2.7026486532733998
4.244,-2.9009430760915222
4.248,1.5813341638571734
4.252,0.17583124925919383
4.256,-2.204570138037557
4.26,-1.668289325165035
4.264,-1.8008705422484637
4.268,0.1619696388132248
4.272,2.787506139946487
4.276,-2.036954859536979
4.28,1.496279933413294
4.284,-1.6975400259907771
4.288,-1.7618828165063365
4.292,-0.20915703156612253
4.296,-1.0106985345681605
4.3,0.5612208397972701
4.304,-1.2995502358453979
4.308,1.260299370003346
4.312,0.4847952535546161
4.316,3.570896384194859
4.32,2.7931683486866445
4.324,2.831551816335833
4.328,2.921412296486806
4.332,1.4481606450490143
4.336,1.805859346873091
4.34,3.5606612172500034
4.344,-1.2285957236539615
4.348,0.9183915705811864
4.352,-1.0160610283650962
4.356,1.3557285803944787
4.36,-1.2769611415011752
4.364,-0.011493686505067768
4.368,0.5350115344828396
4.372,-0.9610853499992861
4.376,-0.20821373108465646
4.38,0.3181170716832189
4.384,-2.135477284743654
4.388,0.5604250726829604
4.392,-0.5547689770839106
4.396,-0.040596058170641436
4.4,-0.6653772105302135
4.404,1.7324987802253946
4.408,-1.1931000929006585
4.412,2.7026653682736717
4.416,2.4309655220442923
4.42,1.5440498125695215
4.424,0.6939882587886435
4.428,3.5701789880063064
4.432,3.1822563318333055
4.436,0.022932161753483893
4.44,-1.0221238111395594
4.444,0.7907111042337378
4.448,2.065908967675418
4.452,1.3100295744783597
4.456,0.120340212938787
4.46,-0.26228644416111385
4.464,-1.3044873113051065
4.468,-1.9274096211151115
4.472,0.0625478639256768
4.476,-1.0388753856511315
4.48,0.5010140972576893
4.484,0.7178917584972532
4.488,-1.0344856425170907
4.492,-3.4960905694810664
4.496,0.1468817193338877
4.5,-1.0562071755851552
4.5040000000000004,0.0033292515443213155
4.508,0.40283938045357803
4.5120000000000005,-1.085708723038393
4.516,0.048431351810232726
4.5200000000000005,0.11347690191907134
4.524,1.8529735418552922
4.5280000000000005,2.789861471898962
4.532,1.8474752331615798
4.5360000000000005,1.154125942301154
4.54,-2.2089899072169197
4.5440000000000005,-1.1342059864368594
4.548,-0.6820225535886597
4.5520000000000005,1.6485386541714704
4.556,-2.575384377282365
4.5600000000000005,0.6484505187770853
4.564,-0.03588731542614543
4.5680000000000005,-1.0849137908992548
4.572,-1.6159578442196127
4.5760000000000005,0.2928536230060699
4.58,-3.700308529202019
4.5840000000000005,-2.9375008688511453
4.588,-1.4599667865010448
4.5920000000000005,0.5267373114541901
4.596,1.297562981835196
4.6000000000000005,1.5627022836705067
4.604,-0.7042984820875478
4.6080000000000005,-0.6946695753331803
4.612,-1.5265198991146995
4.616,2.663133091254377
4.62,1.5276057858683743
4.624,2.512736717345528
4.628,-0.836494555018617
4.632,2.3934873567888273
4.636,0.17880070799787995
4.64,-1.5948343061779529
4.644,0.9034862674784809
4.648,0.13192836287315535
4.652,-0.5214691313661863
4.656,-0.8260222170959892
4.66,-1.133000901453682
4.664,-0.22066503220153022
4.668,-2.6135157827893907
4.672,-4.749503036587486
4.676,-1.2655486867869599
4.68,-3.9184298308028156
4.684,-0.8219782619086333
4.688,0.18064588314389152
4.692,-1.124807120948885
4.696,-1.1269215814608229
4.7,0.27281169859922616
4.704,-0.22877496517858242
4.708,-1.4730878175758089
4.712,1.023071568159729
4.716,-0.9649233868062896
4.72,3.297662926587118
4.724,2.658815057376788
4.728,3.29060176661283
4.732,-1.1244213758792105
4.736,2.0450300993253476
4.74,-0.3157116697579707
4.744,-1.4520735006400685
4.748,2.075374204272682
4.752,0.05601846985871134
4.756,1.2349324338368026
4.76,-1.2871036863302563
4.764,-0.5780035294479191
4.768,-1.323193464131979
4.772,-0.6213185029401183
4.776,0.3713257737793627
4.78,-1.0252634020951865
4.784,0.35306975055579326
4.788,-1.4462468147322634
4.792,0.4624056580898922
4.796,2.8026646197103253
4.8,-0.6325622794588258
4.804,-2.1089477407608093
4.808,0.44698313969626136
4.812,1.9841023713414263
4.816,0.9390327154009374
4.82,2.9987760703290656
4.824,0.3985569562236353
4.828,1.2214672224777097
4.832,2.5937929048420822
4.836,0.32449329652777764
4.84,0.5801541429750904
4.844,2.371912799885267
4.848,-2.4937761903520315
4.852,-0.3554097953032605
4.856,1.0058734154491
4.86,1.5242737461890135
4.864,-0.849086626042237
4.868,-3.823584633118852
4.872,-1.766203988341255
4.876,-0.6545655427516557
4.88,-0.519125976891073
4.884,-2.838285411778706
4.888,-4.055257825867804
4.892,1.7501159445434533
4.896,-1.3876671465916801
4.9,0.2613628159163322
4.904,0.3812767220322272
4.908,-0.3895186373477782
4.912,0.730346387629317
4.916,0.7901921736456614
4.92,1.3512657741492844
4.924,1.8905849596659818
4.928,-1.0206449245225513
4.932,-0.475512371447285
4.936,-0.09891300110173995
4.94,0.3696686135466937
4.944,2.1657966124455257
4.948,0.18000627093924554
4.952,-1.890104807601861
4.956,-2.1224707583314926
4.96,0.6646275514670467
4.964,-1.5912817402591948
4.968,-1.315642977040081
4.972,-1.2130799131482888
4.976,-0.6958254327068698
4.98,-0.5695979458082714
4.984,1.771944425557046
4.988,-0.06384112623637062
4.992,-1.255138087793008
4.996,-1.5868217565116047
5.0,2.6358830054342577
5.0040000000000004,-1.071360934302408
5.008,-1.8913139552402973
5.0120000000000005,1.521916726132589
5.016,0.21162228970137453
5.0200000000000005,-0.9521267600246304
5.024,-0.3323826043312348
5.0280000000000005,1.4391991015110084
5.032,-2.1703093208479816
5.0360000000000005,0.6863095819355507
5.04,-0.6797439531413763
5.0440000000000005,-0.4613942377335587
5.048,1.0658323692028961
5.0520000000000005,-0.3265796241810702
5.056,1.690798284071299
5.0600000000000005,-0.7439521752811673
5.064,1.2636596016825763
5.0680000000000005,-1.16946451606309
5.072,0.8983940513820183
5.0760000000000005,2.438700979747299
5.08,1.0451057093365634
5.0840000000000005,-3.404816029211146
5.088,-3.3383196089108758
5.0920000000000005,-2.4510790669494686
5.096,1.3854843738489273
5.1000000000000005,-2.153370075993998
5.104,2.703979238196182
5.1080000000000005,-1.3462437479332179
5.112,-0.38992104597786004
5.1160000000000005,-1.0821368292209905
5.12,2.4662613545026515
5.124,-0.07770038179278815
5.128,-1.4704801718697196
5.132,-2.1390406768323564
5.136,-2.7460572406894364
5.14,-3.097570453383523
5.144,-2.104043564973488
5.148,-2.047129587859536
5.152,1.960699197701309
5.156,-1.1277016072204877
5.16,0.6690768483543652
5.164,1.7309383793495963
5.168,4.499407134593463
5.172,-0.5704472838615653
5.176,1.2984845796159656
5.18,0.4685632011398654
5.184,-0.062392543500747966
5.188,-2.2483926235053593
5.192,-0.7735697264099568
5.196,1.2486107206052075
5.2,0.1149416363809695
5.204,2.3023091697323643
5.208,-0.5855251713032934
5.212,0.6544409246598593
5.216,2.6050686866315367
5.22,0.41052097331303466
5.224,-2.3360156168556103
5.228,-1.8008752950235036
5.232,-1.4058417174785065
5.236,2.7143777555172637
5.24,-0.009351951929495006
5.244,1.2718873927423062
5.248,-0.49472726950488466
5.252,1.726888027002433
5.256,2.4048007236690516
5.26,-0.7790064745234846
5.264,1.776947728723571
5.268,-0.5883397274182522
5.272,1.9117094024086287
5.276,-1.519609620063913
5.28,-1.129284323434752
5.284,2.277857080466987
5.288,-0.7303914559133653
5.292,0.5959763286696552
5.296,-0.3165443781725209
5.3,2.760241631671885
5.304,-0.7404247607208154
5.308,0.12075279757211022
5.312,0.5769599103481935
5.316,2.530064612696652
5.32,1.2303050011500227
5.324,1.397459161146419
5.328,-0.15243417589436498
5.332,1.4123576132545184
5.336,-1.032345541983889
5.34,-0.8848694028759938
5.344,-1.8599417224221966
5.348,-1.1947680454956742
5.352,0.7155927364483082
5.356,1.9115761126280597
5.36,1.4699618974775905
5.364,2.993133613492736
5.368,1.5885406525218626
5.372,-0.9986217920837281
5.376,-0.21405900406438283
5.38,0.6449227421120188
5.384,-1.5645365576700319
5.388,1.8759242540237482
5.392,0.7398442383654341
5.396,-0.729028632933334
5.4,-0.21654233245284774
5.404,0.48393271006410815
5.408,2.968681152267262
5.412,1.7400033538346362
5.416,1.6048030383068843
5.42,3.424286718428678
5.424,-2.1065818418289277
5.428,-1.7429406633373952
5.432,1.715937797547725
5.436,1.2463536252334162
5.44,-0.6347755496077807
5.444,-0.5313175512393435
5.448,2.071451463283776
5.452,0.6971252631615965
5.456,3.20239076577036
5.46,0.05898043284308785
5.464,2.4912140253900215
5.468,0.30848895850225655
5.472,-0.06782964324409901
5.476,0.9789483615512542
5.48,-0.5455152760120076
5.484,1.128092996598375
5.488,-0.8097304247990237
5.492,0.05034535411644303
5.496,-1.360156501570769
5.5,-0.8665811535394509
5.5040000000000004,4.102210690789243
5.508,1.494896585259741
5.5120000000000005,3.513291259719307
5.516,-1.432690182456981
5.5200000000000005,-0.6261801894472433
5.524,1.6127411519980983
5.5280000000000005,2.581173234801769
5.532,-0.9875358873935789
5.5360000000000005,-0.5427154545556035
5.54,1.3667678486414359
5.5440000000000005,-1.7688251306673703
5.548,1.5193929910561788
5.5520000000000005,0.20162434011698105
5.556,2.944447932181576
5.5600000000000005,2.3775345618492487
5.564,1.2555609059717727
5.5680000000000005,-0.8966398607308148
5.572,-0.4422356133091851
5.5760000000000005,0.46049993619054874
5.58,1.7923801448625145
5.5840000000000005,0.028347954869201053
5.588,-1.1513605496289836
5.5920000000000005,-3.2323289934407486
5.596,-0.8823332021378201
5.6000000000000005,0.95037473329119
5.604,-0.5768894577559289
5.6080000000000005,2.6537970092884846
5.612,-0.8308131609832443
5.6160000000000005,2.0750908686496476
5.62,1.82784514858337
5.6240000000000006,-1.6820821680221876
5.628,-2.1054087765659544
5.632,1.335499439623943
5.636,0.5753307555519148
5.64,-0.9587214128735556
5.644,-2.9799262271065867
5.648,-0.424398923254378
5.652,0.022984577203343348
5.656,0.3219129245949492
5.66,3.367793630191943
5.664,-1.1615587252223525
5.668,0.7096599798592811
5.672,0.6687266339538172
5.676,0.08379340602676219
5.68,1.728337934374888
5.684,-0.685819225387559
5.688,2.6338936166541855
5.692,-0.7194847298577111
5.696,0.6129744660057554
5.7,2.622991648497009
5.704,1.8459478874186326
5.708,0.4640736715542437
5.712,0.08175512694407272
5.716,0.6785124604179993
5.72,1.1335074688027968
5.724,-1.3050102922717168
5.728,0.5619572219232212
5.732,-0.3387753356420893
5.736,0.12645043123488509
5.74,-4.372631347286134
5.744,-0.6679168385183106
5.748,-0.6107401087583728
5.752,-1.4723083873783331
5.756,1.4085203232417087
5.76,1.3110568356699257
5.764,0.9911353119509259
5.768,3.366017590324506
5.772,-2.164275836745715
5.776,0.898026287154748
5.78,-0.3240848095851728
5.784,-3.987383482430902
5.788,0.12030728669777713
5.792,1.187630433233029
5.796,-1.4096461282246169
5.8,0.41630035930901865
5.804,-3.166633843367389
5.808,1.0285806280831038
5.812,2.257783856990593
5.816,0.6436976685788018
5.82,0.38970233037720514
5.824,-2.019659632883419
5.828,1.442884364588312
5.832,-4.010914808264749
5.836,-2.647716440403898
5.84,-3.2161431660197946
5.844,-1.6778200296200159
5.848,-1.3954580590857066
5.852,-1.0254461364918233
5.856,-0.8469868745906589
5.86,0.30838414805101544
5.864,2.022667009038564
5.868,4.675693675589351
5.872,-0.18351364756382088
5.876,-2.977686721281781
5.88,-0.5180125501983092
5.884,-1.2548433588312777
5.888,1.4825732125325821
5.892,-0.4957930415215316
5.896,0.2885153464508012
5.9,-1.5369810364987513
5.904,-0.7658368224897785
5.908,0.06401041079847125
5.912,-0.820252036842933
5.916,2.997704216997838
5.92,0.5127783288518546
5.924,1.481947169451771
5.928,1.293561860332388
5.932,-1.5559134057755244
5.936,1.340196172367189
5.94,-0.9096808938537382
5.944,0.9081786918245479
5.948,-2.4190922568934314
5.952,1.6884617878921822
5.956,0.44604474965655083
5.96,1.593614930958092
5.964,-1.8601294156518686
5.968,0.4360752442570389
5.972,-2.022232230155373
5.976,-0.9452756852772121
5.98,0.8886270621988258
5.984,-1.6598005639864704
5.988,0.08347414574507184
5.992,1.9253088480659741
5.996,-0.6174342430569865
6.0,-1.4313102569159146
6.0040000000000004,1.4921360395827312
6.008,0.9355632001722732
6.0120000000000005,2.107457040949246
6.016,0.6868190591007988
6.0200000000000005,2.5056139355142792
6.024,-0.4099698459649047
6.0280000000000005,0.35022396854565513
6.032,-1.1577975548873118
6.0360000000000005,0.9613878949162652
6.04,2.1139234556449575
6.0440000000000005,0.4634471299176368
6.048,-1.8025988024595294
6.0520000000000005,0.3699714093530419
6.056,-2.5607167325610463
6.0600000000000005,-0.67133058604904
6.064,1.5761127755787592
6.0680000000000005,-0.02888490919530895
6.072,0.3748414315405892
6.0760000000000005,0.389797763395896
6.08,1.285734819073268
6.0840000000000005,2.1958175111679963
6.088,1.0049586029836919
6.0920000000000005,-1.8640938113743402
6.096,1.7851116056038177
6.1000000000000005,1.533086693259271
6.104,0.7076833330542694
6.1080000000000005,1.1468462237619352
6.112,-1.4328823276398084
6.1160000000000005,-1.164599154971806
6.12,-0.38738729586837606
6.1240000000000006,0.33218520804979174
6.128,-1.0746814286269333
6.132000000000001,-3.914869977647047
6.136,1.0863700747130278
6.140000000000001,-3.2985918351690064
6.144,0.07702733975326803
6.148,-0.7987503051443342
6.152,1.2167772349222796
6.156,-0.43736531353750774
6.16,0.12073725684716852
6.164,2.0774458881014404
6.168,2.4357721610469376
6.172,-1.1853418405621405
6.176,-0.4859516916953239
6.18,-0.38000583131453514
6.184,-2.047256236907644
6.188,0.011502449391703529
6.192,-2.0023697393215247
6.196,0.7759652505960961
6.2,0.8303761376915714
6.204,-0.4380288460111605
6.208,1.1697361934241477
6.212,0.4589988107758963
6.216,1.0774419569131684
6.22,1.7853754240160569
6.224,-2.8060001604324007
6.228,-2.03109096289747
6.232,-1.7631244372539818
6.236,-0.8153109083632425
6.24,0.36259648888681517
6.244,-2.278786434404497
6.248,1.7502638477434755
6.252,0.4080737553723529
6.256,2.5319162817075753
6.26,-0.15702452246408094
6.264,3.3827981559067783
6.268,1.9179044303176207
6.272,1.206440917667113
6.276,-1.8074039309227419
6.28,2.3577639566158273
6.284,-3.3628677456540896
6.288,-2.2348774796552564
6.292,0.21275267553176214
6.296,-0.2942357638462756
6.3,-0.5895895825071472
6.304,0.9722976289961882
6.308,0.581722535481487
6.312,1.7074751228787572
6.316,-0.4843228242020734
6.32,0.6400798810508227
6.324,-2.3608617384801422
6.328,-1.7644856523515227
6.332,-2.023913719240002
6.336,-2.088927663109455
6.34,1.1960257900742315
6.344,-0.6660596256456668
6.348,1.0135877995714428
6.352,1.224889673399454
6.356,1.7620851343352593
6.36,0.6255533996286375
6.364,-2.359167835866289
6.368,2.492492564458284
6.372,-0.39094312337975
6.376,-0.14995388260316744
6.38,-0.6759181054940449
6.384,-0.1672710529812459
6.388,-3.3010788334194023
6.392,-1.638059479795725
6.396,-1.1836745954056576
6.4,-2.3077028899544207
6.404,0.8189563134448499
6.408,-0.9544130481788303
6.412,-1.0071614456436127
6.416,1.5840531227806327
6.42,-0.17271957005419203
6.424,0.13257805536384873
6.428,-1.9930961358174288
6.432,-1.5553993500528684
6.436,0.651173163526171
6.44,-0.9570968548560401
6.444,0.9844057640751731
6.448,0.6608118993911509
6.452,1.2693484816513312
6.456,0.7703379853367774
6.46,-0.801041831187439
6.464,-1.944814433180328
6.468,2.4429193871975725
6.472,0.5224374547250652
6.476,-0.5923052943442852
6.48,-1.0468698236818936
6.484,0.7029839269053575
6.488,1.2014318301651472
6.492,-5.06090762228224
6.496,-0.1743235415288259
6.5,1.9335952056430643
6.5040000000000004,-1.040433048066399
6.508,0.23585333409908638
6.5120000000000005,1.1951363730003868
6.516,1.9877511682695492
6.5200000000000005,0.5932635081713343
6.524,0.059706151455896445
6.5280000000000005,-1.5830105419794056
6.532,-1.3322926984436427
6.5360000000000005,-1.5667294803466327
6.54,0.8646003689411395
6.5440000000000005,0.6166360463189208
6.548,-0.7737317292948065
6.5520000000000005,1.0089648366256212
6.556,2.1263963835079074
6.5600000000000005,-0.9016001750375193
6.564,2.0191119158639967
6.5680000000000005,0.871147863386115
6.572,-0.8548781891510033
6.5760000000000005,0.39058312410475526
6.58,0.0047752499052523545
6.5840000000000005,-2.9914019179353124
6.588,1.651549552716955
6.5920000000000005,-0.9874072294657249
6.596,-1.7488700132537933
6.6000000000000005,-0.1637460142165091
6.604,0.4603078475133751
6.6080000000000005,1.4141989061711921
6.612,2.7454515220716007
6.6160000000000005,2.357498095820773
6.62,-1.2431257619898808
6.6240000000000006,1.614133833619192
6.628,-3.811631017594289
6.632000000000001,-2.3904052817078187
6.636,-3.3974862833631416
6.640000000000001,-1.4312060879742825
6.644,-4.380570647505946
6.648000000000001,-0.4085345162935846
6.652,-1.9470209860285748
6.656000000000001,2.6902202566218336
6.66,-0.12824443241682992
6.664,-0.07913094889097738
6.668,1.7780125172885437
6.672,1.1554914748348994
6.676,-0.26681096074084965
6.68,0.18228116529973204
6.684,-0.5278400196713925
6.688,-2.242407977579343
6.692,-3.199086746287848
6.696,2.0166164814600887
6.7,0.2242450533335738
6.704,1.5013752798377977
6.708,0.9867461309205902
6.712,1.098256619451211
6.716,1.165110205048099
6.72,-2.4067141164133288
6.724,1.031500164527206
6.728,0.42570319667969375
6.732,-1.0330253627223425
6.736,-4.341346852657833
6.74,-0.048362938518974774
6.744,-2.3133751215162723
6.748,-1.849398196655454
6.752,1.242909121006976
6.756,-2.358132781018959
6.76,0.24341497156720937
6.764,0.3532476066850837
6.768,-3.139101387788633
6.772,4.484106309749977
6.776,-0.3670279402776767
6.78,-1.6090100412507016
6.784,0.9170720032208106
6.788,-0.287945875967078
6.792,-1.563165462590657
6.796,-1.7780427371308565
6.8,-1.2893001841950875
6.804,-0.618067585531811
6.808,-0.1531630053958175
6.812,0.06160963333412939
6.816,0.8779843237297471
6.82,-0.03502964620115523
6.824,-1.3426168253207167
6.828,1.2893956813864493
6.832,-0.6253155079742769
6.836,-3.546891933026846
6.84,-1.7982989796371973
6.844,-2.430332284531957
6.848,-1.1994608524911041
6.852,-1.2457329656865794
6.856,-0.35415588551865596
6.86,-0.797032619215664
6.864,0.6970241004385955
6.868,0.6694403900367415
6.872,1.152101027005885
6.876,-0.13199977696955836
6.88,0.20370309081425542
6.884,2.732784483380644
6.888,-3.405477232292325
6.892,-1.1396715844556384
6.896,-1.4557439246546178
6.9,-2.7692163139184953
6.904,-0.0016600174565188364
6.908,1.383015353752366
6.912,1.620835965995161
6.916,2.8038646258142426
6.92,0.09958275051111742
6.924,-2.193515037998078
6.928,-2.7386788593617104
6.932,-2.2553750722284356
6.936,1.9133499432474637
6.94,0.6411080839745736
6.944,0.07069688476957292
6.948,-2.931972892575555
6.952,-0.031193448186613515
6.956,-0.17456085830440138
6.96,1.7801659472981104
6.964,-0.695036265562386
6.968,-1.3265519139224369
6.972,-3.7884326739644343
6.976,1.4781843167012099
6.98,-0.6183595018737933
6.984,1.7309613541797564
6.988,-1.448750114481041
6.992,-0.9928540270412887
6.996,-2.5781831930194894
7.0,-2.675885536592508
7.0040000000000004,1.0481605804679583
7.008,-0.10412817045300804
7.0120000000000005,-0.3397279986484032
7.016,-0.9056733538213897
7.0200000000000005,-1.7385133465503038
7.024,-0.9667579925595582
7.0280000000000005,-2.542358887864174
7.032,0.2676931095629902
7.0360000000000005,-0.7663537143823742
7.04,-0.5276124531514353
7.0440000000000005,0.029360843150644467
7.048,1.2130212172794868
7.0520000000000005,5.0744430114808745
7.056,0.7603047419166604
7.0600000000000005,0.3454998574558523
7.064,-0.13042353447703503
7.0680000000000005,1.5654938484163448
7.072,0.518006949000325
7.0760000000000005,1.938090367609179
7.08,-1.54965910799536
7.0840000000000005,-0.5479800107210542
7.088,-0.40515290982724317
7.0920000000000005,1.8434214244551426
7.096,-1.0670901226386804
7.1000000000000005,-0.7108867583308074
7.104,-0.10972422422899802
7.1080000000000005,1.1099585454345293
7.112,0.2650615610386796
7.1160000000000005,2.6615317525189774
7.12,2.154010277096324
7.1240000000000006,0.18268169532785242
7.128,1.5381243438687353
7.132000000000001,-1.6747150369345618
7.136,-0.04503616144944744
7.140000000000001,-1.832368819198071
7.144,0.5782546073654784
7.148000000000001,2.9979130130173215
7.152,0.4686643866068041
7.156000000000001,1.8407091723020388
7.16,1.7315162747531176
7.164000000000001,-0.03730830674781693
7.168,-0.18257034094486924
7.172,1.4840362747371751
7.176,-2.4136775324479336
7.18,-1.7078887722198004
7.184,-1.1327580419305077
7.188,-2.7206737088693504
7.192,1.2847715682691623
7.196,-2.2739666955753735
7.2,-1.9819181604903005
7.204,1.5852709130895044
7.208,-0.32318725497272704
7.212,1.2368853312000723
7.216,0.3998397204027372
7.22,0.061308752972396796
7.224,-0.538998229244197
7.228,-1.2465165292316573
7.232,-0.850843649676243
7.236,-1.6578528703677802
7.24,-1.5748591191448764
7.244,-0.12548229185011472
7.248,1.307224414797798
7.252,2.020393057211481
7.256,5.000506377889613
7.26,2.9355163983634265
7.264,2.3614228075185526
7.268,0.6164775799932177
7.272,-0.11413841668657876
7.276,0.314417544337281
7.28,-0.2148613446965062
7.284,-0.8902718287785755
7.288,-0.8771892177728223
7.292,-2.2687991936173377
7.296,-1.0128313192539395
7.3,-1.703517611504311
7.304,2.0751760864645954
7.308,1.9448864032979105
7.312,0.9429447346047829
7.316,-0.41261872291712276
7.32,-0.4040313671613298
7.324,-1.7495573366667487
7.328,-2.1129552487354726
7.332,-2.932341838321572
7.336,-1.9931385521163487
7.34,-0.5667436677218901
7.344,-2.109777646125352
7.348,2.259072508160815
7.352,0.28986189792463185
7.356,2.017830542748685
7.36,0.9651200667708464
7.364,2.0479809976626155
7.368,-0.36163184839899987
7.372,2.0497409371747417
7.376,0.31963703908982716
7.38,-1.0249656885367193
7.384,-2.187784501054184
7.388,-1.597589700718891
7.392,-0.04791996745212879
7.396,-1.3349794836071882
7.4,-0.4938093328317403
7.404,0.12038163310870648
7.408,-2.273536454656028
7.412,2.323986932697232
7.416,0.07482243584412984
7.42,0.926402581224034
7.424,1.1412093124574887
7.428,-1.2247039707149079
7.432,-2.9017977293223853
7.436,-0.11053984176341258
7.44,-1.1540808863361547
7.444,-0.30940678217711426
7.448,0.7068087517558178
7.452,-2.6106072555709674
7.456,0.052895978793356946
7.46,2.173881931601584
7.464,2.115403731077186
7.468,0.9760778614021391
7.472,1.0693160518708233
7.476,0.7947099076491403
7.48,0.42369484712318517
7.484,-1.3231762124753257
7.488,1.2379601056344451
7.492,-1.076274781968966
7.496,-0.9089712875075512
7.5,-1.0280083026223648
7.5040000000000004,0.8323886784466448
7.508,1.9781631076470028
7.5120000000000005,0.01573348380948081
7.516,0.8366156053012097
7.5200000000000005,-1.4321528448115546
7.524,-0.1012228264942657
7.5280000000000005,1.0814982923775707
7.532,-2.256293170667802
7.5360000000000005,-1.6210133699953966
7.54,-0.7094145371928915
7.5440000000000005,-1.7385712102671658
7.548,-2.659476068084088
7.5520000000000005,-3.5793241544338463
7.556,1.5504818897223394
7.5600000000000005,0.9435924194192041
7.564,3.9690118988603516
7.5680000000000005,-0.47709032738789925
7.572,1.537424452568488
7.5760000000000005,-0.7446642584980744
7.58,1.4448697801861214
7.5840000000000005,-1.0200661760592573
7.588,-0.20147851566586295
7.5920000000000005,-0.6267611796626165
7.596,1.1947795223437394
7.6000000000000005,0.2875950690592694
7.604,-1.2263740117334194
7.6080000000000005,-0.5933272240098343
7.612,1.5968197587837287
7.6160000000000005,0.9863118674675182
7.62,1.3920282948518223
7.6240000000000006,-1.1235062114748964
7.628,-0.006296117988595751
7.632000000000001,-0.5795220235579444
7.636,-1.7341114915734084
7.640000000000001,-1.887578554401551
7.644,-0.5161335625136013
7.648000000000001,2.2240190097494352
7.652,-0.3429686900688196
7.656000000000001,0.6690304638152861
7.66,-1.248081736224849
7.664000000000001,-2.6020446296403645
7.668,1.80429748502534
7.672000000000001,0.3617762217574111
7.676,-0.4328158631673613
7.68,0.7491911736129397
7.684,-2.8896869739468545
7.688,0.13639632619543163
7.692,-2.2118267012110757
7.696,0.9139571847864982
7.7,-2.081207221455261
7.704,0.37734817607211324
7.708,4.003337958795913
7.712,2.9278295904384204
7.716,-0.04614734962817946
7.72,0.036109082269144444
7.724,2.6427749586688014
7.728,-0.3156988764762438
7.732,-2.268891537031791
7.736,-1.8939146597763807
7.74,-0.7027599905578986
7.744,0.059550112917902354
7.748,0.15581993239389022
7.752,1.0936424439711503
7.756,0.6203567099479235
7.76,3.0523978417612883
7.764,2.1487811974613087
7.768,2.0099250422990504
7.772,-0.3973474072796072
7.776,-3.166391777224005
7.78,0.1153551791076537
7.784,-3.1284632690261844
7.788,-1.6068951881299607
7.792,1.4523747593399887
7.796,-0.45545743047506265
7.8,-0.8057404908792529
7.804,1.1321878512157755
7.808,1.8245098207659192
7.812,0.5745440555085539
7.816,1.0909955662600488
7.82,0.6473933313065094
7.824,2.9133939021281554
7.828,1.5831291864841526
7.832,-1.5273349205532076
7.836,-0.4609006131960317
7.84,-1.7599829815145254
7.844,0.2360283408299142
7.848,0.6378151577966538
7.852,-0.5581882939223987
7.856,0.651853417723355
7.86,0.5869179993789186
7.864,1.0222347187951504
7.868,1.8982648418096746
7.872,-0.18181249063090027
7.876,-1.4297942689345158
7.88,-2.4277510391545247
7.884,-1.4601356758108337
7.888,0.1107971140707954
7.892,-0.9761757031033368
7.896,3.2068402268334117
7.9,0.3980191290108151
7.904,-2.1708529530466367
7.908,-0.6118146381544654
7.912,1.1896499912325322
7.916,3.14726626077067
7.92,-0.103744621585526
7.924,-1.856251903040872
7.928,-0.15598883948133113
7.932,-1.7220436016638692
7.936,1.3516987251108554
7.94,-1.9903678124071285
7.944,3.522648238601723
7.948,1.3036102739239308
7.952,2.9353623722150637
7.956,3.059826827702243
7.96,2.127234202414586
7.964,-1.6560027808500943
7.968,0.9269328774429344
7.972,-0.5523025542094572
7.976,0.6995514161694747
7.98,-3.362788095958707
7.984,-1.1207138977217646
7.988,-0.2603130527155356
7.992,2.9230965593976315
7.996,-1.8521628108251391
8.0,1.78748132591824
8.004,1.5698511605908734
8.008000000000001,-0.21512079366313852
8.012,-0.023093600136745995
8.016,2.670696974515333
8.02,0.1815561480378824
8.024000000000001,1.906988424514144
8.028,-0.785450651373828
8.032,-2.284687332273481
8.036,0.6027447306052559
8.040000000000001,-2.2069751481456494
8.044,0.7364436479079661
8.048,1.9328222402159612
8.052,-0.10819376873318148
8.056000000000001,0.6652799130745712
8.06,-0.5299882514403502
8.064,-1.4654742177346078
8.068,3.0612252905634234
8.072000000000001,1.6833508467510891
8.076,2.62088095064818
8.08,1.3599983528083766
8.084,-0.15691372005144943
8.088000000000001,-0.7217736803543312
8.092,1.4622412898206285
8.096,1.859990874890789
8.1,0.8054680884765301
8.104000000000001,-0.316083584100594
8.108,-2.3484057839979795
8.112,1.0022451431677468
8.116,0.629982189892213
8.120000000000001,2.357870536354954
8.124,0.10111253274982948
8.128,0.3694173275772786
8.132,0.5400577456875248
8.136000000000001,-3.4370879143842874
8.14,-1.683487248263995
8.144,-0.49314458524511395
8.148,0.4184103022235164
8.152000000000001,-1.7562523985133984
8.156,-0.8039164462120341
8.16,0.17675863500771538
8.164,2.6888071609427957
8.168000000000001,1.3391879673602767
8.172,1.6051433558786252
8.176,0.39506111233970626
8.18,-0.5806419725144916
8.184000000000001,-3.8742619185937484
8.188,-2.3166531426286587
8.192,-0.7376716024182853
8.196,-0.9583926493839328
8.2,0.6863458107787562
8.204,-0.8728245107798017
8.208,0.9894759259112715
8.212,2.230096909765116
8.216,1.176827313544352
8.22,3.6958725149140217
8.224,0.5263587138551982
8.228,-1.26607606701587
8.232,-0.30177481866156336
8.236,-0.7662433463583064
8.24,-0.8515393720907952
8.244,0.2146843367069018
8.248,-0.2948172608508378
8.252,0.08314527422767215
8.256,-0.2606886123082859
8.26,0.547594850298613
8.264,1.0724772511445955
8.268,-2.4481240528520645
8.272,1.3357498916526875
8.276,-0.27752193259810143
8.28,2.3042934710789664
8.284,-0.6887658694176193
8.288,0.05985058347211547
8.292,-1.6378337897385222
8.296,0.025427320761124195
8.3,-1.9820600587127506
8.304,2.3095253333976067
8.308,2.416956895853919
8.312,0.9057227046757161
8.316,3.3558719557317342
8.32,2.140504245732647
8.324,-1.217708990724834
8.328,-2.5218234544299567
8.332,1.208569910538964
8.336,0.2126379180968767
8.34,-0.4895030774095289
8.344,-0.8987138724868311
8.348,-1.4539593736021081
8.352,-0.3020770688868385
8.356,-1.511933105108986
8.36,1.427280941619729
8.364,0.516593857720147
8.368,0.0440684259889621
8.372,1.8840454496413357
8.376,2.5243211013529336
8.38,0.04514566987560309
8.384,-1.140245289548581
8.388,-1.586345439007426
8.392,-1.3738158223988544
8.396,-1.0524162779174024
8.4,-1.320063436907169
8.404,-1.7248752699129588
8.408,2.373772545101235
8.412,0.30128407107871125
8.416,-1.1120049683389501
8.42,-0.6181562222823206
8.424,1.363695143747576
8.428,-1.110415396977133
8.432,-2.4655520046979515
8.436,0.2259132028662949
8.44,-3.686433977143852
8.444,1.2687838743315627
8.448,2.173354734806477
8.452,0.8455468921401192
8.456,-0.46657807742579593
8.46,1.4851348337436536
8.464,2.3984571628065767
8.468,0.89329113832883
8.472,0.2594257889698076
8.476,-0.2657207748056678
8.48,0.4919021096293248
8.484,1.2357232898881911
8.488,-1.481243930502628
8.492,-0.7378791268131111
8.496,1.2511488837390239
8.5,2.6059719347440975
8.504,3.1230529401635803
8.508000000000001,1.381557287202793
8.512,1.183273179183478
8.516,1.1470772468347241
8.52,-1.4052352295078379
8.524000000000001,-0.5880004793938007
8.528,-1.6326659048040724
8.532,-1.9506161352381453
8.536,-1.1904218820786192
8.540000000000001,0.7997225744571218
8.544,-0.24936190321107876
8.548,0.8352796016541251
8.552,-1.825676764805911
8.556000000000001,0.2500059180198543
8.56,-0.8287807237179282
8.564,0.17730514735522818
8.568,-0.4261894650053867
8.572000000000001,0.23476845970732832
8.576,-2.0660700210034557
8.58,-2.0733106735304245
8.584,0.20766055246441184
8.588000000000001,1.1342773871142322
8.592,-1.4466012958554428
8.596,-1.0519197964325562
8.6,-1.2343566669836437
8.604000000000001,2.8647883236105156
8.608,5.822908154614672
8.612,0.47661142481130114
8.616,2.0511751930205584
8.620000000000001,1.5065881365863363
8.624,-1.026987730913447
8.628,0.12800055785649195
8.632,2.276282863733715
8.636000000000001,-4.891643643451352
8.64,-2.1362902986829444
8.644,-1.671705694494772
8.648,-0.8553680619543301
8.652000000000001,2.2556969501421626
8.656,3.2310859426376917
8.66,2.3260387266587705
8.664,1.8398972106587075
8.668000000000001,1.3595340611123912
8.672,-1.6030324825898765
8.676,4.215074911952398
8.68,-1.2591142162097002
8.684000000000001,-5.471995417009572
8.688,-1.8916790346029604
8.692,-1.1844191290047956
8.696,-0.26280422796391
8.700000000000001,-1.088315687085511
8.704,-1.3026549722710032
8.708,0.5238399572982633
8.712,-1.4265434255916358
8.716,0.30766489581624634
8.72,1.1106195052124725
8.724,-0.25415552215409865
8.728,0.3009377497717541
8.732,-1.5103496284245215
8.736,-2.8949772327700436
8.74,-1.4313360616135355
8.744,-0.6408696968391557
8.748,-1.5209605742036039
8.752,0.014548494033101461
8.756,0.5112810912396596
8.76,3.020220596988682
8.764,1.9004338874761735
8.768,-1.143413852907078
8.772,0.9535155527967216
8.776,0.47290105699828733
8.78,-0.4456160928380667
8.784,2.2648985530291412
8.788,1.6290441796365798
8.792,-3.528408435892788
8.796,-1.144015496781819
8.8,0.4662536610106284
8.804,-1.3339449254941809
8.808,0.033511030341683234
8.812,1.853080168975605
8.816,1.3981932397115342
8.82,-0.9904184693086374
8.824,1.4056014230536118
8.828,0.6139538458333775
8.832,0.2541683899715096
8.836,-1.8548951944244387
8.84,-1.3811457148666255
8.844,-1.555904461556612
8.848,-0.7450419533255281
8.852,0.7150446429469247
8.856,-0.4754361110432799
8.86,1.7630013626248415
8.864,3.2121389262401583
8.868,0.540871890067492
8.872,-1.0444865931652059
8.876,-0.6755600863419352
8.88,-1.8665305259697273
8.884,-2.3479976430469236
8.888,-1.438209504304592
8.892,0.26256224583000054
8.896,-2.981271529364443
8.9,-2.1175898605229353
8.904,1.460163122651133
8.908,1.9542507145439407
8.912,-1.0945204252605296
8.916,2.6099476288743904
8.92,0.3338244081309626
8.924,-0.5071918331734747
8.928,-0.17749699390688534
8.932,-0.6802111914995373
8.936,-1.993017174636564
8.94,-0.14799327891728464
8.944,-0.5103868006659018
8.948,-0.4311716086141557
8.952,-0.19224492978033508
8.956,-0.09035493375389203
8.96,1.3805914249411169
8.964,4.176347680555672
8.968,1.0335466203761026
8.972,4.124609511787176
8.976,0.4075997285324856
8.98,0.011557828378998214
8.984,-2.8628821681361436
8.988,-0.3651457327101215
8.992,0.2319147720187008
8.996,-0.46867629469892713
9.0,0.3059612677499299
9.004,-0.6748198153664453
9.008000000000001,-0.2503946865781471
9.012,0.9789200744845653
9.016,2.239382766102871
9.02,2.0035940915568142
9.024000000000001,-1.6568758003605988
9.028,-1.167047967807989
9.032,-0.1515312271771827
9.036,0.6801166094034635
9.040000000000001,0.17529235795699982
9.044,-0.20416732137326477
9.048,0.38995056193234046
9.052,-2.051181508090807
9.056000000000001,-2.915847060237123
9.06,2.801369187825158
9.064,-1.43170310402541
9.068,1.3154752414139903
9.072000000000001,0.73545616837849
9.076,-1.9570001487388904
9.08,-3.1909811506968846
9.084,-0.6091336661616442
9.088000000000001,-0.01876327577980863
9.092,-1.1983963091190108
9.096,0.7343520256946172
9.1,-0.009911697709370356
9.104000000000001,0.9807833581083645
9.108,-0.9852139279852569
9.112,1.6033365794256487
9.116,1.6376535726675472
9.120000000000001,4.113214755963914
9.124,0.0008012485192217672
9.128,0.7281682131930511
9.132,-2.837640138741995
9.136000000000001,0.051364041542384165
9.14,-1.2129480834497954
9.144,-1.228197787128066
9.148,0.16417467517708417
9.152000000000001,-4.253540081485698
9.156,-0.8110966765341989
9.16,0.08985445142717563
9.164,-0.07523402661205092
9.168000000000001,3.521083704357335
9.172,3.574060353468093
9.176,0.07535627285530921
9.18,1.8541280978409675
9.184000000000001,-1.8608440449266945
9.188,-1.2071890547829853
9.192,-1.4316617327157042
9.196,3.181232102515575
9.200000000000001,2.5630848728834583
9.204,3.252993492550866
9.208,-0.5571312518153689
9.212,3.88724737000449
9.216000000000001,-0.9775198328234047
9.22,-0.9025015913126623
9.224,1.6049957654584683
9.228,0.5210328552355169
9.232,-0.1519403183585445
9.236,-0.6484107776254775
9.24,-3.1613482149989633
9.244,-0.1260736463895319
9.248,-0.519994638048537
9.252,1.4774539861929292
9.256,1.0226904574861213
9.26,-0.6492981288040037
9.264,0.17189583356332983
9.268,2.0077927261287867
9.272,-1.64539885228282
9.276,-1.0660516684683878
9.28,2.074899211837303
9.284,-0.8856088477487627
9.288,1.018685649359837
9.292,1.2358804831199675
9.296,-2.233824183650203
9.3,-1.732475312709991
9.304,2.0965563881614924
9.308,1.9127699378068281
9.312,1.4310489402025346
9.316,2.1434437410569904
9.32,-1.8934137709151408
9.324,-2.3960638276246606
9.328,-0.45006800407220704
9.332,-0.8907445653482082
9.336,-1.1728791821958224
9.34,-2.840975914857131
9.344,-1.7272005475433347
9.348,-0.32227946898003224
9.352,-0.6706416089130202
9.356,0.2106465303692277
9.36,2.299862711312168
9.364,0.5034973929393216
9.368,1.2780444675157516
9.372,-2.2885863429339848
9.376,1.695093820351939
9.38,1.6935922175753388
9.384,-1.0676839988568994
9.388,-2.1396317532613964
9.392,-2.187378088062238
9.396,-1.7208957751571061
9.4,0.23195126407795894
9.404,-2.390924816365465
9.408,-0.1590482036480495
9.412,-0.47164066669642457
9.416,2.081745727952721
9.42,-0.5376608275294339
9.424,0.7791676085931674
9.428,-1.7601480397813778
9.432,0.5784941696743268
9.436,-1.7090374580817644
9.44,0.16185100568871758
9.444,-0.5608504564783783
9.448,-0.7599074734129301
9.452,-1.2189512552685124
9.456,-0.11872812995173154
9.46,1.005744047570062
9.464,0.39721797066595355
9.468,3.001827786757538
9.472,2.9337002284929006
9.476,-0.6455198090578558
9.48,-1.990270287879524
9.484,-3.330049039426904
9.488,-3.244530319748725
9.492,0.7028939170158826
9.496,1.4088990128511476
9.5,-0.898825457837196
9.504,-2.614034786071384
9.508000000000001,-0.9095985828593622
9.512,0.006133454237284286
9.516,2.6387430007621795
9.52,0.7827759798574422
9.524000000000001,2.316982051814715
9.528,-1.8241835203232577
9.532,0.15723942695423632
9.536,-2.5257759516333147
9.540000000000001,-1.7925753138591511
9.544,-2.0729884955415043
9.548,-0.882893037186327
9.552,-0.3698390549891274
9.556000000000001,-0.183254639230351
9.56,1.644324293717209
9.564,3.1533840248254084
9.568,1.1609995527636299
9.572000000000001,0.12449207800368617
9.576,1.0672040226550625
9.58,-1.5625983400116592
9.584,-1.2868698403657248
9.588000000000001,0.7318754301203542
9.592,1.1752475133784854
9.596,0.333250069515668
9.6,1.211632542871492
9.604000000000001,0.1575083343421752
9.608,1.7976304885646772
9.612,1.2800018358479428
9.616,0.8850634393106793
9.620000000000001,0.46765617579204816
9.624,0.22221251676360282
9.628,1.1938289512020468
9.632,-0.5259206547997725
9.636000000000001,-2.148887589268639
9.64,-1.3588473540354267
9.644,-0.8581462130597022
9.648,0.005243719740912062
9.652000000000001,-0.16664382544803208
9.656,-0.2969403923642029
9.66,0.29660340928069584
9.664,0.1679860659086857
9.668000000000001,1.0949174814834124
9.672,-0.24870741111652445
9.676,0.9447703264694165
9.68,-1.0735807047421009
9.684000000000001,0.9400393050132783
9.688,-2.504301699156877
9.692,-0.11834563227408024
9.696,-1.9215241219905133
9.700000000000001,-1.4676395510988993
9.704,1.9017579788545045
9.708,0.9986187225202534
9.712,0.30031364386284753
9.716000000000001,-0.914706412624194
9.72,-1.9787204503880202
9.724,0.19940100806559685
9.728,-0.692537464518268
9.732,-2.0189584579492608
9.736,-1.8003128335333725
9.74,-1.245036817722029
9.744,-1.9051848023505007
9.748,2.1995510076826617
9.752,0.9971600953698421
9.756,0.649144286133935
9.76,1.4102641675812915
9.764,-0.11835853190638801
9.768,0.9841283482491316
9.772,1.832882865235334
9.776,0.791029670299539
9.78,-0.8265234008309201
9.784,-1.7233018599048249
9.788,0.03466874818618004
9.792,-1.5044483236223578
9.796,-1.6286329440155116
9.8,2.0822511551100247
9.804,1.7418867239950186
9.808,0.44648787318149763
9.812,1.1755480499466433
9.816,1.5348445474962509
9.82,-0.497090820929174
9.824,1.3221967524514775
9.828,0.40463136807279504
9.832,-1.876718938057813
9.836,-1.8205140459380298
9.84,-2.8183525500017343
9.844,0.5575150501519647
9.848,-0.4562241323612533
9.852,1.177024488977034
9.856,0.6213098627772271
9.86,0.377005357263559
9.864,4.040379489385012
9.868,0.34174541820129856
9.872,0.44700919288615265
9.876,-0.10244650785487866
9.88,0.10886495381342065
9.884,-1.541212990590418
9.888,1.3386678828831582
9.892,-0.0982151241995588
9.896,0.42944110478254316
9.9,3.122149128987038
9.904,0.3595437064401993
9.908,2.8749962867647483
9.912,0.10346007109989885
9.916,1.5396149887281505
9.92,1.3559479609884728
9.924,-2.1145378206009826
9.928,0.683451471203941
9.932,-2.4175933527429807
9.936,-1.3079880894339904
9.94,0.5553625943487801
9.944,-1.8291720758077363
9.948,-1.445435204702706
9.952,-0.058074759353216404
9.956,2.1145750879857297
9.96,2.3470623483107524
9.964,1.93755019015071
9.968,1.9201134175945174
9.972,-1.0671560198681016
9.976,-2.629074651913412
9.98,-0.7654382416631897
9.984,-1.451535159729869
9.988,-2.3482545749857415
9.992,-2.1479224847649787
9.996,-1.8483138122352363
